-0.402162 1.823308 -0.337005 0.081020 -0.088259 -0.060448 0.547297 -0.533184 
-0.493957 -0.388357 -0.337005 2.002773 -0.088259 -0.060448 -0.371380 -0.533184 
0.699388 0.188599 1.844679 0.721604 -0.088259 -0.060448 -0.187645 -0.533184 
2.351713 1.438671 -1.064234 0.294548 -0.088259 -0.060448 -0.187645 -0.533184 
-0.402162 0.477077 0.147813 -0.915445 -0.088259 -0.060448 0.914768 -0.533184 
-1.320120 0.669396 0.026609 1.219836 -0.088259 -0.060448 0.179826 -0.533184 
2.259917 1.246352 -0.700619 0.294548 -0.088259 -0.060448 0.731032 -0.264514 
-0.493957 -2.311545 -2.033871 -0.701917 -0.088259 -0.060448 -0.003909 -0.533184 
0.056818 -0.869154 0.026609 -0.346037 -0.088259 -0.060448 0.363561 0.004157 
-0.861141 0.092439 0.269018 -0.488389 -0.088259 -0.060448 -0.003909 -0.533184 
1.158367 -0.099879 -0.700619 -0.274861 -0.088259 -0.060448 0.179826 0.093714 
1.158367 0.188599 -0.821824 2.501005 -0.088259 -0.060448 -0.555115 -0.533184 
1.433755 0.861714 0.996246 1.006308 -0.088259 -0.060448 -2.208734 -0.533184 
-0.769345 -0.388357 -1.912667 -0.701917 -0.088259 -0.060448 0.914768 -0.533184 
-0.126774 -0.965314 -0.458210 -0.274861 -0.088259 -0.060448 0.363561 -0.085400 
0.148613 1.246352 -0.215801 -0.061333 -0.088259 -0.060448 -0.003909 0.004157 
1.250163 2.304105 -1.427848 0.508076 -0.088259 -0.060448 1.465974 -0.533184 
0.056818 -2.407704 0.753837 0.081020 -0.088259 -0.060448 -0.371380 1.705740 
-1.595507 0.765555 0.511428 -0.559565 -0.088259 -0.060448 -0.003909 -0.533184 
-1.870895 1.150192 -0.337005 -0.203685 -0.088259 -0.060448 0.914768 -0.533184 
-0.034978 -0.099879 0.753837 1.575716 -0.088259 -0.060448 -0.371380 -0.533184 
-1.136528 0.380918 -0.337005 -0.274861 -0.088259 -0.060448 -4.413558 -0.533184 
1.525551 1.342511 -2.639895 0.152196 -0.088259 -0.060448 0.179826 -0.533184 
-1.228324 0.573236 -0.094596 -0.346037 -0.088259 -0.060448 0.731032 0.272828 
-0.034978 -1.542270 1.602270 0.294548 -0.088259 -0.060448 2.384651 -0.533184 
-0.769345 -0.099879 0.632632 -0.701917 -0.088259 -0.060448 -0.555115 -0.533184 
0.974776 -0.003720 0.026609 1.504540 -0.088259 -0.060448 0.914768 -0.533184 
-0.952936 -0.196039 -1.306643 0.081020 -0.088259 -0.060448 -0.922586 -0.533184 
-1.044732 1.919467 -0.579415 -0.701917 -0.088259 -0.060448 0.547297 0.004157 
2.168121 1.054033 -0.337005 1.219836 -0.088259 -0.060448 1.649709 -0.533184 
-0.677549 -0.580676 2.450703 -0.346037 -0.088259 -0.060448 0.731032 0.362385 
0.607592 0.092439 -0.215801 -0.417213 -0.088259 -0.060448 0.363561 -0.533184 
-0.493957 0.284758 -0.094596 -0.986621 -0.088259 -0.060448 0.363561 1.616183 
-1.136528 -0.292198 -0.943029 -1.057797 -0.088259 -0.060448 1.098503 -0.533184 
-1.962690 -0.388357 -2.518690 -1.057797 -0.088259 -0.060448 0.179826 1.705740 
0.056818 1.246352 -0.821824 -0.417213 -0.088259 -0.060448 -0.555115 -0.533184 
1.709142 -0.292198 -0.094596 -0.203685 -0.088259 -0.060448 -0.187645 -0.533184 
-0.861141 1.919467 -0.821824 1.362188 -0.088259 -0.060448 0.547297 -0.533184 
-0.769345 -0.772995 0.269018 2.928061 -0.088259 -0.060448 -0.555115 -0.533184 
-2.146282 -1.349951 2.208293 -0.559565 -0.088259 -0.060448 0.363561 -0.533184 
-0.952936 -0.580676 0.026609 -1.057797 -0.088259 -0.060448 1.282238 -0.533184 
-0.310366 -0.580676 1.117451 -0.346037 -0.088259 -0.060448 1.282238 -0.533184 
0.240409 0.380918 1.117451 1.789245 -0.088259 -0.060448 -0.371380 -0.533184 
0.515797 0.284758 -0.579415 0.152196 -0.088259 -0.060448 -0.371380 -0.533184 
-0.034978 -0.196039 0.996246 1.646893 -0.088259 -0.060448 1.098503 -0.533184 
0.882980 -0.676835 0.996246 -0.132509 -0.088259 -0.060448 -1.841263 -0.533184 
-0.585753 -0.292198 0.269018 -0.630741 -0.088259 -0.060448 0.179826 -0.264514 
-0.126774 0.573236 2.450703 -0.773093 -0.088259 -0.060448 1.649709 -0.533184 
-1.870895 -1.157632 1.117451 0.508076 -0.088259 -0.060448 -2.392469 0.272828 
-0.493957 -1.542270 -0.094596 -0.346037 -0.088259 -0.060448 0.179826 -0.533184 
2.994284 -0.196039 -0.094596 -0.773093 -0.088259 -0.060448 0.547297 -0.533184 
-0.585753 -2.311545 0.390223 0.009843 -0.088259 -0.060448 -1.657528 -0.533184 
0.240409 0.284758 0.147813 -1.200149 -0.088259 -0.060448 -0.371380 -0.264514 
-0.126774 -1.253792 0.269018 -0.701917 -0.088259 -0.060448 0.179826 0.093714 
1.250163 -1.734588 0.996246 -0.986621 -0.088259 -0.060448 -0.187645 -0.085400 
-0.952936 0.477077 -0.579415 -0.203685 -0.088259 -0.060448 -0.555115 -0.533184 
-1.044732 0.092439 -2.518690 -0.274861 -0.088259 -0.060448 0.363561 0.272828 
0.699388 0.765555 -0.700619 -0.844269 -0.088259 -0.060448 0.731032 -0.533184 
-1.136528 1.150192 -0.458210 -0.915445 -0.088259 -0.060448 0.363561 1.347512 
0.882980 1.246352 -0.700619 0.009843 -0.088259 -0.060448 -0.003909 -0.533184 
0.791184 1.342511 0.269018 -0.132509 -0.088259 -0.060448 1.282238 -0.533184 
-1.320120 -0.388357 -0.215801 -1.271325 -0.088259 -0.060448 -0.371380 1.884854 
-0.218570 -0.772995 0.632632 -0.844269 -0.088259 -0.060448 0.731032 -0.533184 
-0.585753 -0.869154 0.026609 1.860421 -0.088259 -0.060448 -0.187645 -0.533184 
-0.952936 -1.349951 -2.276281 -0.274861 -0.088259 -0.060448 1.098503 -0.533184 
0.332205 0.957874 0.390223 0.223372 -0.088259 -0.060448 0.547297 -0.533184 
0.240409 0.188599 -0.337005 -0.630741 -0.088259 -0.060448 -0.555115 -0.174957 
0.148613 -0.196039 -2.033871 -0.346037 -0.088259 -0.060448 0.914768 -0.533184 
-0.493957 -0.869154 -0.458210 -0.915445 -0.088259 -0.060448 -0.003909 -0.085400 
-1.411915 -0.965314 0.147813 -0.417213 -0.088259 -0.060448 0.363561 0.004157 
0.791184 0.573236 0.996246 -0.844269 -0.088259 -0.060448 0.363561 -0.085400 
-0.861141 -0.099879 0.269018 -0.986621 -0.088259 -0.060448 -0.371380 -0.533184 
-0.310366 -1.349951 0.511428 -0.559565 -0.088259 -0.060448 0.363561 -0.533184 
-0.402162 0.573236 0.875042 -0.701917 -0.088259 -0.060448 -0.003909 0.720613 
2.443509 0.477077 -0.094596 -1.271325 -0.088259 -0.060448 0.914768 0.272828 
-0.677549 -1.349951 0.147813 -0.630741 -0.088259 -0.060448 -0.555115 2.063968 
-0.034978 0.092439 1.481065 -0.630741 -0.088259 -0.060448 -3.494881 -0.174957 
-1.136528 -0.772995 0.269018 -0.559565 -0.088259 -0.060448 -1.473792 0.899727 
-0.952936 -1.349951 0.875042 -0.132509 -0.088259 -0.060448 -1.106321 -0.891412 
1.250163 0.861714 -0.700619 -0.346037 -0.088259 -0.060448 -0.003909 1.257955 
0.515797 1.919467 -2.033871 1.148660 -0.088259 -0.060448 0.731032 -0.085400 
-1.687303 1.919467 -0.458210 0.009843 -0.088259 -0.060448 -0.555115 0.810170 
-1.228324 -1.253792 1.238656 -0.488389 -0.088259 -0.060448 0.363561 -0.264514 
1.709142 1.342511 0.147813 -0.630741 -0.088259 -0.060448 -0.187645 -0.533184 
-1.595507 0.188599 -2.033871 0.009843 -0.088259 -0.060448 0.179826 -0.533184 
-0.218570 0.861714 -2.518690 -0.630741 -0.088259 -0.060448 0.179826 -0.533184 
0.332205 -0.484517 1.481065 -0.559565 -0.088259 -0.060448 0.363561 -0.533184 
0.332205 0.380918 -0.337005 1.718069 -0.088259 -0.060448 0.179826 -0.533184 
0.882980 1.246352 0.511428 2.928061 -0.088259 -0.060448 -0.371380 -0.533184 
0.791184 -0.292198 0.996246 -0.844269 -0.088259 -0.060448 0.179826 -0.174957 
-0.034978 1.054033 -0.943029 -0.915445 -0.088259 -0.060448 1.098503 0.183271 
-0.677549 -0.292198 -1.064234 -0.630741 -0.088259 -0.060448 0.731032 -0.174957 
1.066571 0.861714 -0.579415 -0.844269 -0.088259 -0.060448 0.363561 -0.533184 
-1.411915 -1.157632 -2.033871 -0.488389 -0.088259 -0.060448 0.914768 -0.174957 
0.882980 0.092439 -0.337005 -0.701917 -0.088259 -0.060448 0.179826 -0.533184 
-0.861141 0.092439 0.390223 5.276871 -0.088259 -0.060448 -0.003909 -0.085400 
-0.402162 -1.542270 0.632632 0.081020 -0.088259 -0.060448 -0.555115 -0.085400 
-0.952936 0.669396 -2.639895 0.436900 -0.088259 -0.060448 0.179826 -0.533184 
-0.402162 -0.292198 0.390223 -0.844269 -0.088259 -0.060448 -0.003909 0.272828 
-0.310366 -0.676835 -0.821824 -0.915445 -0.088259 -0.060448 -0.187645 1.257955 
0.056818 -0.003720 -0.094596 1.504540 -0.088259 -0.060448 0.914768 -0.533184 
0.424001 0.092439 0.753837 2.216301 -0.088259 -0.060448 0.179826 -0.533184 
1.341959 1.534830 0.632632 -0.417213 -0.088259 -0.060448 -0.371380 0.451942 
-0.126774 -1.542270 0.875042 -0.630741 -0.088259 -0.060448 2.017180 -0.264514 
-1.320120 -0.965314 0.269018 0.009843 -0.088259 -0.060448 0.363561 -0.085400 
-0.585753 -0.676835 0.026609 -0.488389 -0.088259 -0.060448 1.282238 -0.533184 
0.240409 0.092439 0.147813 -0.417213 -0.088259 -0.060448 -1.290057 2.153524 
-2.697057 -0.003720 -0.579415 -0.986621 -0.088259 -0.060448 -9.190678 -0.264514 
0.515797 0.284758 0.026609 -1.057797 -0.088259 -0.060448 -0.187645 1.168398 
0.974776 0.092439 -0.094596 1.077484 -0.088259 -0.060448 1.282238 -0.533184 
-1.411915 -0.099879 0.511428 -0.061333 -0.088259 -0.060448 -0.187645 -0.533184 
-0.402162 3.361858 0.511428 -0.417213 -0.088259 -0.060448 -0.555115 1.078841 
0.974776 -0.196039 -0.579415 0.579252 -0.088259 -0.060448 -0.003909 1.347512 
-0.769345 -1.734588 0.632632 -0.986621 -0.088259 -0.060448 0.547297 0.899727 
0.424001 0.188599 0.996246 0.365724 -0.088259 -0.060448 -0.003909 -0.533184 
1.158367 0.861714 1.602270 1.860421 -0.088259 -0.060448 -0.555115 0.004157 
-0.310366 -0.388357 1.965884 0.650428 -0.088259 -0.060448 -0.371380 -0.174957 
-1.044732 -0.965314 0.632632 1.291012 -0.088259 -0.060448 -0.371380 -0.533184 
1.341959 1.054033 0.390223 1.504540 -0.088259 -0.060448 -0.738851 -0.533184 
0.974776 0.477077 0.753837 1.433364 -0.088259 -0.060448 0.179826 -0.085400 
0.607592 1.534830 -0.094596 -0.915445 -0.088259 -0.060448 -0.187645 -0.533184 
-0.677549 2.496424 -0.215801 -0.701917 -0.088259 -0.060448 0.179826 -0.533184 
0.148613 -0.388357 -0.700619 2.073949 -0.088259 -0.060448 -0.371380 -0.533184 
-0.034978 -0.196039 0.511428 0.152196 -0.088259 -0.060448 -1.106321 1.616183 
-0.402162 -0.772995 -0.094596 -0.559565 -0.088259 -0.060448 -0.003909 0.004157 
0.515797 1.246352 0.026609 1.646893 -0.088259 -0.060448 0.731032 -0.085400 
-1.320120 -0.196039 0.269018 0.223372 -0.088259 -0.060448 -0.003909 2.422195 
-0.218570 -2.600023 -0.215801 -0.132509 -0.088259 -0.060448 -0.738851 0.272828 
-0.218570 -0.676835 0.875042 1.575716 -0.088259 -0.060448 0.547297 3.228208 
2.535304 1.727149 1.602270 0.935132 -0.088259 -0.060448 -0.738851 0.362385 
-1.503711 -0.580676 -0.337005 -0.630741 -0.088259 -0.060448 -0.187645 2.243081 
0.148613 -0.292198 -0.579415 -0.559565 -0.088259 -0.060448 -0.187645 0.272828 
1.800938 -0.196039 0.875042 0.294548 -0.088259 -0.060448 1.282238 -0.085400 
0.240409 -1.542270 -0.215801 1.646893 -0.088259 -0.060448 -0.371380 0.362385 
-1.962690 -1.926907 1.117451 -0.417213 -0.088259 -0.060448 0.731032 0.272828 
1.066571 0.957874 -0.458210 2.501005 -0.088259 -0.060448 -1.106321 0.183271 
0.882980 0.092439 -0.094596 -0.417213 -0.088259 -0.060448 0.179826 0.004157 
-0.034978 0.092439 1.117451 -0.773093 -0.088259 -0.060448 -2.208734 -0.533184 
-0.126774 -0.196039 0.269018 -0.203685 -0.088259 -0.060448 0.179826 -0.533184 
0.056818 -0.580676 -0.337005 -0.488389 -0.088259 -0.060448 1.465974 -0.533184 
-0.402162 -0.292198 0.269018 -0.488389 -0.088259 -0.060448 1.098503 -0.533184 
-0.677549 -1.061473 0.390223 -0.915445 -0.088259 -0.060448 -0.371380 -0.533184 
-0.034978 0.573236 0.269018 3.639822 -0.088259 -0.060448 0.363561 0.720613 
-0.034978 1.246352 -0.094596 -0.203685 -0.088259 -0.060448 -0.187645 -0.533184 
0.148613 1.150192 -2.518690 0.579252 -0.088259 -0.060448 -0.003909 1.347512 
0.607592 0.477077 -0.337005 -0.844269 -0.088259 -0.060448 -0.187645 0.451942 
0.791184 0.188599 0.632632 0.009843 -0.088259 -0.060448 0.547297 -0.085400 
1.709142 0.669396 -2.033871 -0.417213 -0.088259 -0.060448 2.200915 -0.533184 
-0.493957 1.630989 0.875042 0.579252 -0.088259 -0.060448 -0.003909 -0.533184 
0.332205 -0.003720 -0.579415 0.223372 -0.088259 -0.060448 0.731032 -0.533184 
0.791184 1.054033 0.390223 -0.559565 -0.088259 -0.060448 -0.371380 1.616183 
0.148613 -0.292198 0.753837 -0.132509 -0.088259 -0.060448 -0.555115 0.899727 
-0.677549 -1.926907 -0.337005 -1.413677 -0.088259 -0.060448 -0.187645 1.257955 
0.332205 -0.869154 0.632632 -0.061333 -0.088259 -0.060448 0.179826 0.451942 
1.066571 -0.196039 -0.337005 1.433364 -0.088259 -0.060448 -0.187645 -0.533184 
0.056818 -0.003720 0.632632 -0.559565 -0.088259 -0.060448 1.465974 -0.533184 
1.158367 1.054033 -0.458210 1.504540 -0.088259 -0.060448 0.547297 -0.533184 
0.974776 0.477077 -2.155076 0.009843 -0.088259 -0.060448 0.179826 -0.533184 
-0.402162 -0.196039 -0.094596 -0.346037 -0.088259 -0.060448 -0.187645 0.541499 
0.056818 -0.099879 0.996246 1.077484 -0.088259 -0.060448 1.098503 -0.085400 
1.250163 -0.196039 0.390223 -1.057797 -0.088259 -0.060448 -0.555115 -0.533184 
-0.310366 -1.446110 0.511428 -0.701917 -0.088259 -0.060448 -0.187645 -0.533184 
-0.126774 -0.676835 0.875042 -1.128973 -0.088259 -0.060448 -0.371380 -0.533184 
0.699388 -0.292198 0.875042 -0.061333 -0.088259 -0.060448 -0.187645 -0.533184 
-0.218570 0.188599 0.753837 0.223372 -0.088259 -0.060448 -1.106321 -1.518311 
-0.218570 0.188599 0.753837 0.223372 -0.088259 -0.060448 -1.106321 -1.518311 
1.250163 -0.965314 0.753837 0.721604 -0.088259 -0.060448 -1.106321 -0.622741 
0.791184 0.092439 0.390223 -0.773093 -0.088259 -0.060448 -0.003909 0.631056 
-0.861141 -0.965314 0.390223 -0.132509 -0.088259 -0.060448 0.731032 -0.533184 
-1.044732 0.092439 0.511428 -0.346037 -0.088259 -0.060448 0.914768 0.451942 
0.882980 -0.484517 0.147813 0.294548 -0.088259 -0.060448 -2.392469 -1.518311 
0.882980 -0.484517 0.147813 0.294548 -0.088259 -0.060448 -2.392469 -1.518311 
1.250163 0.477077 0.996246 -0.630741 -0.088259 -0.060448 -1.106321 0.004157 
2.259917 -1.061473 1.481065 0.863956 -0.088259 -0.060448 -1.841263 -1.249640 
-0.402162 -1.446110 1.965884 -0.986621 -0.088259 -0.060448 -0.922586 -0.443627 
-0.402162 -1.446110 1.965884 -0.986621 -0.088259 -0.060448 -1.290057 -0.443627 
-1.228324 -1.349951 1.723475 1.006308 -0.088259 -0.060448 -3.311146 -1.070526 
-1.228324 -1.349951 1.723475 1.006308 -0.088259 -0.060448 -3.311146 -1.070526 
-1.136528 -2.600023 5.965639 3.853350 -0.088259 -0.060448 -6.802118 -2.413881 
0.791184 -1.253792 -0.458210 0.650428 -0.088259 -0.060448 0.363561 -0.533184 
-1.136528 -0.869154 0.632632 -0.417213 -0.088259 -0.060448 -0.187645 1.168398 
1.709142 1.150192 0.147813 -0.488389 -0.088259 -0.060448 3.487063 -0.533184 
-0.034978 0.765555 -0.579415 1.718069 -0.088259 -0.060448 0.179826 -0.533184 
-0.126774 -1.446110 -0.700619 -0.274861 -0.088259 -0.060448 -1.657528 0.810170 
-0.952936 -1.734588 1.359861 1.219836 -0.088259 -0.060448 -1.106321 0.989284 
0.148613 -0.772995 0.875042 -0.203685 -0.088259 -0.060448 -0.555115 -0.085400 
-0.952936 -1.061473 0.026609 0.863956 -0.088259 -0.060448 -1.106321 -0.533184 
0.607592 1.534830 -1.306643 2.145125 -0.088259 -0.060448 0.179826 -0.533184 
-0.126774 -0.388357 0.875042 -0.630741 -0.088259 -0.060448 0.914768 -0.533184 
-0.310366 2.207946 -0.094596 -0.346037 -0.088259 -0.060448 0.731032 -0.085400 
0.607592 0.284758 0.632632 -0.773093 -0.088259 -0.060448 0.731032 0.272828 
0.699388 2.304105 -1.912667 0.009843 -0.088259 -0.060448 -0.187645 -0.533184 
-0.585753 -0.772995 0.632632 -0.630741 -0.088259 -0.060448 1.098503 -0.533184 
0.056818 0.284758 -0.094596 -0.132509 -0.088259 -0.060448 0.731032 0.899727 
0.056818 0.188599 -0.458210 0.223372 -0.088259 -0.060448 -0.738851 -0.085400 
0.791184 1.054033 -0.700619 -0.773093 -0.088259 -0.060448 0.731032 -0.533184 
0.515797 0.092439 -0.458210 -0.346037 -0.088259 -0.060448 0.547297 -0.533184 
-0.126774 0.765555 0.632632 -0.061333 -0.088259 -0.060448 -1.290057 -0.533184 
-0.126774 -0.003720 -1.549052 -0.274861 -0.088259 -0.060448 -2.024998 1.526626 
0.424001 1.630989 -1.791462 0.792780 -0.088259 -0.060448 0.363561 0.541499 
-2.605261 -3.080820 2.087089 0.721604 -0.088259 -0.060448 -0.187645 -0.622741 
-2.238078 -1.061473 -2.276281 -0.915445 -0.088259 -0.060448 0.547297 -0.533184 
1.158367 1.534830 0.632632 0.721604 -0.088259 -0.060448 -0.738851 -0.085400 
-1.320120 -0.099879 0.511428 -0.132509 -0.088259 -0.060448 -0.922586 3.496879 
-0.952936 -0.772995 -1.549052 -0.559565 -0.088259 -0.060448 0.179826 -0.533184 
0.607592 1.150192 0.753837 -0.630741 -0.088259 -0.060448 -1.106321 -0.533184 
-0.952936 -0.003720 1.965884 0.792780 -0.088259 -0.060448 1.098503 3.049094 
-2.238078 -3.369298 0.026609 -0.701917 -0.088259 -0.060448 0.547297 2.063968 
0.148613 -0.003720 0.026609 -0.346037 -0.088259 -0.060448 0.547297 -0.533184 
1.158367 1.342511 0.390223 -1.057797 -0.088259 -0.060448 0.179826 -0.533184 
1.341959 -1.446110 -0.215801 -0.132509 -0.088259 -0.060448 0.179826 1.257955 
0.424001 0.765555 0.511428 -0.701917 -0.088259 -0.060448 0.547297 0.989284 
0.515797 -0.003720 0.026609 -0.559565 -0.088259 -0.060448 0.363561 -0.085400 
0.332205 -0.003720 0.026609 0.009843 -0.088259 -0.060448 0.179826 -0.085400 
0.515797 -0.003720 0.026609 -0.559565 -0.088259 -0.060448 0.179826 -0.085400 
1.158367 -0.196039 0.026609 -1.128973 -0.088259 -0.060448 -0.371380 0.272828 
-0.218570 -0.292198 0.026609 0.294548 -0.088259 -0.060448 -0.371380 1.437069 
-0.861141 -0.580676 -0.458210 -0.986621 -0.088259 -0.060448 -0.555115 2.243081 
1.709142 1.630989 0.269018 -0.630741 -0.088259 -0.060448 -0.555115 3.407322 
-1.044732 0.188599 -1.427848 -0.203685 -0.088259 -0.060448 -0.003909 -0.533184 
0.056818 0.573236 0.632632 0.223372 -0.088259 -0.060448 0.179826 1.347512 
0.974776 1.534830 -1.064234 0.294548 -0.088259 -0.060448 0.731032 -0.533184 
-2.054486 -0.003720 -0.700619 0.436900 -0.088259 -0.060448 -1.841263 -0.533184 
-0.310366 1.630989 -0.215801 -0.701917 -0.088259 -0.060448 -0.371380 0.272828 
-0.218570 -0.772995 0.632632 -0.773093 -0.088259 -0.060448 0.363561 -0.533184 
-1.320120 -2.984660 0.147813 -0.915445 -0.088259 -0.060448 0.179826 4.213335 
-1.503711 -1.638429 0.753837 -0.773093 -0.088259 -0.060448 -0.003909 -0.533184 
-0.585753 -0.196039 0.753837 -0.061333 -0.088259 -0.060448 1.282238 0.899727 
-0.585753 -0.580676 0.269018 -0.630741 -0.088259 -0.060448 -0.371380 2.690866 
-0.218570 -1.157632 -0.094596 -0.488389 -0.088259 -0.060448 0.547297 3.765550 
1.066571 -0.003720 -1.185438 1.931597 -0.088259 -0.060448 -0.371380 2.511752 
0.148613 -0.965314 -0.215801 -0.773093 -0.088259 -0.060448 0.547297 -0.264514 
0.240409 0.188599 -0.337005 0.579252 -0.088259 -0.060448 0.363561 -0.085400 
0.240409 -0.484517 0.632632 -0.630741 -0.088259 -0.060448 -2.759940 -0.533184 
-0.126774 -0.099879 1.359861 0.294548 -0.088259 -0.060448 -2.208734 -0.533184 
-0.493957 -0.196039 -0.821824 -0.630741 -0.088259 -0.060448 0.179826 1.257955 
0.056818 -0.869154 0.632632 -0.203685 -0.088259 -0.060448 1.833444 -0.533184 
1.709142 -1.061473 1.117451 -0.061333 -0.088259 -0.060448 3.487063 -0.533184 
-0.677549 -0.292198 -0.700619 -0.773093 -0.088259 -0.060448 0.547297 1.795297 
-0.218570 0.284758 -0.943029 -0.274861 -0.088259 -0.060448 1.282238 -0.533184 
0.882980 0.477077 1.117451 0.152196 -0.088259 -0.060448 0.363561 1.526626 
-1.779099 -0.676835 -0.579415 -0.559565 -0.088259 -0.060448 -0.555115 0.989284 
-2.146282 -2.215385 0.753837 0.152196 -0.088259 -0.060448 0.179826 -1.518311 
-2.329874 0.477077 -1.791462 -0.274861 -0.088259 -0.060448 0.731032 0.272828 
0.791184 2.207946 -0.458210 -0.346037 -0.088259 -0.060448 0.363561 -0.533184 
1.066571 -0.003720 -0.215801 1.646893 -0.088259 -0.060448 -2.576204 0.362385 
-0.034978 -0.676835 0.269018 0.081020 -0.088259 -0.060448 -0.555115 -0.264514 
-0.493957 2.207946 -0.700619 -0.773093 -0.088259 -0.060448 -0.371380 -0.533184 
1.433755 1.630989 -1.064234 -0.559565 -0.088259 -0.060448 0.731032 -0.085400 
1.250163 2.688742 -2.518690 -0.701917 -0.088259 -0.060448 -0.922586 1.168398 
-2.513465 1.150192 -0.094596 0.223372 -0.088259 -0.060448 0.179826 -0.533184 
0.332205 -0.196039 -1.185438 0.721604 -0.088259 -0.060448 -0.187645 -0.533184 
0.148613 0.765555 -1.670257 -0.417213 -0.088259 -0.060448 0.547297 -0.533184 
-0.677549 -0.484517 -0.215801 -0.630741 -0.088259 -0.060448 0.179826 0.720613 
0.424001 -0.196039 -2.033871 -0.417213 -0.088259 -0.060448 0.179826 -0.264514 
0.974776 1.823308 -0.215801 -0.701917 -0.088259 -0.060448 -0.555115 0.004157 
-1.595507 -1.061473 -1.306643 1.362188 -0.088259 -0.060448 -0.371380 1.168398 
0.332205 -0.292198 1.359861 -0.061333 -0.088259 -0.060448 1.649709 -0.533184 
-0.861141 -1.542270 1.602270 1.077484 -0.088259 -0.060448 -1.106321 -1.518311 
-0.034978 -0.484517 1.238656 1.006308 -0.088259 -0.060448 -0.371380 1.705740 
-0.402162 -0.772995 1.117451 -0.701917 -0.088259 -0.060448 0.547297 0.989284 
