0.974776 1.246352 -0.458210 -0.915445 -0.088259 -0.060448 -0.371380 -0.533184 
1.525551 1.342511 -0.215801 -0.773093 -0.088259 -0.060448 0.547297 -0.533184 
0.974776 -0.388357 0.753837 -0.915445 -0.088259 -0.060448 0.731032 -0.533184 
0.332205 -0.772995 0.632632 -0.630741 -0.088259 11.688210 -0.187645 -0.533184 
0.240409 0.573236 -0.337005 2.785709 -0.088259 -0.060448 0.547297 -0.533184 
0.056818 -0.292198 0.996246 -0.417213 -0.088259 -0.060448 1.465974 0.541499 
-0.677549 -0.869154 1.117451 -0.773093 -0.088259 -0.060448 1.465974 0.183271 
-0.402162 -0.869154 0.390223 -0.346037 -0.088259 -0.060448 0.547297 -0.085400 
-0.493957 -1.061473 0.996246 -0.417213 -0.088259 -0.060448 0.363561 0.093714 
-0.677549 -0.580676 0.753837 0.650428 -0.088259 -0.060448 0.547297 -0.264514 
1.158367 -0.772995 0.147813 1.433364 -0.088259 -0.060448 0.547297 -0.533184 
1.709142 0.669396 -0.700619 -0.488389 -0.088259 -0.060448 -0.738851 -0.533184 
-0.126774 -0.388357 0.147813 -1.057797 -0.088259 -0.060448 -0.003909 -0.533184 
-0.034978 -0.869154 -0.094596 -1.057797 -0.088259 -0.060448 -0.187645 1.078841 
0.974776 -0.099879 0.390223 -1.057797 -0.088259 -0.060448 0.179826 -0.174957 
0.240409 -1.349951 0.511428 -0.346037 -0.088259 -0.060448 -0.187645 -0.533184 
1.250163 1.150192 0.511428 -0.346037 -0.088259 -0.060448 -0.003909 -0.264514 
-0.218570 -0.772995 -0.094596 -0.701917 -0.088259 -0.060448 -0.003909 -0.533184 
-0.402162 -0.388357 -0.337005 -0.274861 -0.088259 -0.060448 0.179826 -0.533184 
-0.126774 0.477077 0.147813 -0.773093 -0.088259 -0.060448 1.465974 -0.533184 
0.332205 0.284758 0.147813 1.789245 -0.088259 -0.060448 0.731032 -0.533184 
1.066571 -0.292198 0.269018 -0.488389 -0.088259 -0.060448 1.649709 -0.085400 
0.882980 -0.099879 1.117451 -0.559565 -0.088259 -0.060448 0.179826 -0.533184 
1.433755 1.823308 0.753837 -0.132509 -0.088259 -0.060448 -0.187645 -0.533184 
0.515797 0.573236 -0.943029 -1.128973 -0.088259 -0.060448 1.282238 0.362385 
0.332205 0.284758 -0.943029 4.351582 -0.088259 -0.060448 0.363561 -0.533184 
-0.861141 1.246352 1.238656 -0.986621 -0.088259 -0.060448 0.547297 1.705740 
-0.677549 -0.292198 0.753837 -0.559565 -0.088259 -0.060448 1.098503 -0.174957 
1.066571 0.477077 -0.943029 1.291012 -0.088259 -0.060448 -0.003909 -0.533184 
0.882980 0.477077 0.269018 0.579252 -0.088259 -0.060448 0.547297 -0.533184 
-0.585753 0.573236 -1.427848 -0.417213 -0.088259 -0.060448 0.179826 -0.533184 
0.515797 -1.638429 0.875042 0.935132 -0.088259 -0.060448 -0.555115 0.810170 
-0.585753 0.477077 -0.700619 -0.844269 -0.088259 -0.060448 0.363561 3.407322 
-0.218570 -0.196039 0.511428 1.219836 -0.088259 -0.060448 0.914768 0.899727 
0.791184 -0.003720 0.875042 0.081020 -0.088259 -0.060448 0.179826 -0.533184 
1.525551 1.054033 0.632632 -0.203685 -0.088259 -0.060448 -0.738851 -0.533184 
1.525551 0.765555 0.632632 -0.274861 -0.088259 -0.060448 -0.922586 -0.533184 
1.709142 1.342511 -0.215801 -1.128973 -0.088259 -0.060448 -0.187645 -0.533184 
0.515797 -0.388357 0.026609 0.508076 -0.088259 -0.060448 0.914768 -0.533184 
-0.218570 0.957874 -0.337005 2.928061 -0.088259 -0.060448 0.363561 -0.533184 
-0.402162 -1.253792 0.147813 1.860421 -0.088259 -0.060448 0.731032 -0.533184 
-0.952936 -1.542270 -0.458210 -0.559565 -0.088259 -0.060448 -0.922586 -0.264514 
0.056818 -0.484517 0.026609 0.436900 -0.088259 -0.060448 0.363561 1.347512 
-0.585753 -0.196039 0.996246 -0.488389 -0.088259 -0.060448 1.465974 -0.085400 
0.607592 -0.003720 -0.821824 -1.271325 -0.088259 -0.060448 0.363561 -0.085400 
-1.228324 -0.196039 0.753837 -1.200149 -0.088259 -0.060448 0.914768 -0.533184 
0.056818 0.573236 0.511428 -0.986621 -0.088259 -0.060448 0.179826 -0.533184 
-0.034978 -0.869154 0.996246 -0.773093 -0.088259 -0.060448 1.282238 -0.533184 
0.056818 -0.580676 0.147813 -0.132509 -0.088259 -0.060448 1.098503 -0.533184 
0.974776 0.284758 -0.215801 0.081020 -0.088259 -0.060448 1.282238 0.093714 
-0.218570 0.669396 0.390223 2.856885 -0.088259 -0.060448 -0.555115 -0.533184 
-0.126774 0.092439 0.875042 -0.203685 -0.088259 -0.060448 -1.106321 -0.533184 
0.148613 -0.580676 0.632632 2.073949 -0.088259 -0.060448 -1.473792 -0.264514 
1.433755 0.477077 0.390223 1.006308 -0.088259 -0.060448 -0.003909 -0.533184 
0.240409 0.573236 0.269018 2.002773 -0.088259 -0.060448 0.179826 -0.085400 
-0.402162 0.861714 0.026609 1.646893 -0.088259 -0.060448 -0.371380 -0.533184 
0.056818 -0.292198 0.511428 1.718069 -0.088259 -0.060448 0.547297 -0.533184 
0.240409 0.957874 -0.579415 1.433364 -0.088259 -0.060448 -0.738851 -0.533184 
0.332205 0.573236 1.117451 2.216301 -0.088259 -0.060448 1.465974 -0.533184 
0.607592 0.380918 1.481065 0.792780 -0.088259 -0.060448 -0.738851 -0.533184 
1.800938 1.342511 -1.306643 1.219836 -0.088259 19.442324 -0.003909 -0.533184 
-1.779099 0.957874 -3.609532 -0.915445 -0.088259 -0.060448 0.179826 -0.533184 
0.240409 0.380918 0.996246 0.294548 -0.088259 -0.060448 0.179826 0.631056 
-0.493957 -0.099879 0.147813 1.077484 -0.088259 -0.060448 0.547297 0.362385 
-1.044732 -0.196039 1.359861 1.433364 -0.088259 -0.060448 0.179826 0.451942 
-0.677549 -0.292198 0.632632 -0.417213 -0.088259 -0.060448 -0.922586 -0.533184 
-1.320120 -0.484517 1.602270 -0.701917 -0.088259 -0.060448 0.363561 2.153524 
-0.861141 0.188599 -1.670257 0.009843 -0.088259 -0.060448 -1.290057 -0.533184 
2.810692 2.592583 -1.306643 0.152196 -0.088259 -0.060448 0.547297 -0.533184 
1.525551 0.861714 0.753837 0.081020 -0.088259 -0.060448 -2.392469 -0.533184 
-1.044732 0.957874 -1.912667 -0.132509 -0.088259 -0.060448 -1.106321 -0.533184 
-1.044732 -0.484517 -1.427848 -0.986621 -0.088259 -0.060448 -0.187645 -0.533184 
-0.034978 0.380918 -0.094596 1.006308 -0.088259 -0.060448 -1.657528 -0.533184 
-0.034978 -0.869154 0.511428 -0.132509 -0.088259 -0.060448 -0.555115 -0.533184 
-0.310366 1.054033 -1.791462 -0.701917 -0.088259 -0.060448 0.363561 -0.533184 
-0.493957 -1.253792 0.390223 -0.559565 -0.088259 -0.060448 1.098503 -0.533184 
1.617346 1.630989 0.147813 -0.701917 -0.088259 -0.060448 1.833444 -0.533184 
-0.310366 0.380918 -1.185438 -0.203685 -0.088259 -0.060448 0.179826 -0.533184 
-1.595507 -1.542270 0.753837 -0.488389 -0.088259 -0.060448 -0.371380 2.422195 
-0.677549 -0.388357 -0.215801 1.504540 -0.088259 -0.060448 -0.187645 -0.085400 
-0.218570 0.284758 -0.094596 -0.701917 -0.088259 -0.060448 0.363561 6.452259 
-0.218570 -0.292198 -0.094596 2.429829 -0.088259 -0.060448 -0.187645 -0.533184 
1.066571 1.823308 0.632632 1.077484 -0.088259 -0.060448 -0.555115 -0.533184 
-0.034978 -0.676835 1.844679 0.009843 -0.088259 -0.060448 0.547297 -0.533184 
0.699388 0.477077 0.511428 1.433364 -0.088259 -0.060448 0.363561 -0.533184 
1.800938 1.342511 0.390223 1.219836 -0.088259 -0.060448 0.547297 -0.533184 
1.066571 1.150192 -0.215801 1.219836 -0.088259 -0.060448 0.547297 0.272828 
0.607592 0.669396 -2.033871 0.365724 -0.088259 -0.060448 0.731032 -0.533184 
0.974776 1.342511 0.390223 -0.630741 -0.088259 -0.060448 -0.371380 -0.533184 
-0.677549 -0.965314 0.269018 -0.701917 -0.088259 -0.060448 0.363561 -0.085400 
-0.126774 2.207946 -0.337005 1.931597 -0.088259 -0.060448 0.547297 -0.533184 
0.515797 0.284758 0.511428 -1.484853 -0.088259 -0.060448 -0.922586 -0.264514 
-0.585753 -0.772995 0.996246 1.504540 -0.088259 -0.060448 -0.371380 1.347512 
0.240409 1.534830 0.753837 -0.773093 -0.088259 -0.060448 -0.555115 -0.533184 
-0.677549 1.342511 0.147813 0.365724 -0.088259 -0.060448 -0.187645 0.272828 
1.158367 0.188599 0.753837 -0.061333 -0.088259 -0.060448 -1.657528 -0.174957 
1.341959 0.284758 0.147813 1.148660 -0.088259 -0.060448 0.731032 -0.085400 
-1.136528 0.957874 0.390223 -0.701917 -0.088259 -0.060448 0.179826 -0.533184 
-0.769345 0.957874 -0.094596 0.009843 -0.088259 -0.060448 0.731032 2.780423 
0.056818 0.573236 -0.094596 -0.630741 -0.088259 -0.060448 0.547297 -0.533184 
-1.687303 -1.542270 0.875042 -0.773093 -0.088259 -0.060448 -0.003909 0.183271 
1.525551 1.150192 0.753837 -0.488389 -0.088259 -0.060448 -1.290057 -0.533184 
-0.402162 0.861714 0.269018 -0.701917 -0.088259 -0.060448 0.731032 -0.533184 
-1.779099 -1.061473 1.238656 -1.200149 -0.088259 -0.060448 0.363561 2.422195 
1.066571 -0.003720 -0.094596 -0.844269 -0.088259 -0.060448 -0.922586 -0.264514 
-0.769345 0.669396 -0.337005 0.365724 -0.088259 -0.060448 0.731032 0.093714 
-1.962690 -1.157632 -0.458210 0.579252 -0.088259 -0.060448 0.547297 3.944664 
0.332205 -1.349951 -0.094596 -0.488389 -0.088259 -0.060448 -0.003909 -0.533184 
0.974776 0.188599 -0.094596 -0.986621 -0.088259 -0.060448 -0.371380 -0.264514 
-0.310366 -0.869154 0.269018 -0.844269 -0.088259 -0.060448 0.731032 1.437069 
-0.585753 -0.869154 -0.821824 0.579252 -0.088259 -0.060448 -0.371380 1.078841 
-0.218570 -0.484517 0.026609 -0.132509 -0.088259 -0.060448 0.731032 0.451942 
-0.493957 -1.638429 -0.094596 -0.773093 -0.088259 -0.060448 0.547297 -0.533184 
-0.493957 -0.484517 0.632632 -1.128973 -0.088259 -0.060448 -0.187645 -0.533184 
1.800938 2.207946 0.147813 2.785709 -0.088259 -0.060448 0.547297 0.720613 
0.148613 -0.099879 0.269018 -0.701917 -0.088259 -0.060448 -0.371380 -0.085400 
-0.677549 -0.580676 2.450703 -0.346037 -0.088259 -0.060448 0.731032 0.362385 
0.882980 0.284758 0.269018 -0.559565 -0.088259 -0.060448 1.098503 -0.264514 
-0.493957 -0.580676 -1.064234 -0.417213 -0.088259 -0.060448 -0.187645 -0.533184 
-1.962690 0.188599 -2.155076 0.152196 -0.088259 -0.060448 0.179826 -0.533184 
-0.769345 -0.580676 -1.549052 1.006308 -0.088259 -0.060448 -0.187645 1.705740 
-1.503711 -0.388357 0.269018 -0.203685 -0.088259 -0.060448 0.179826 0.362385 
-2.421669 -0.676835 0.511428 -1.057797 -0.088259 -0.060448 -0.003909 -0.085400 
-1.503711 -1.638429 0.632632 0.508076 -0.088259 -0.060448 0.363561 0.451942 
0.148613 -1.638429 -0.215801 0.650428 -0.088259 -0.060448 0.179826 0.093714 
-0.861141 -1.061473 0.632632 -0.346037 -0.088259 -0.060448 -0.187645 -0.533184 
0.148613 -0.484517 0.026609 -0.915445 -0.088259 -0.060448 -0.555115 -0.533184 
0.607592 -0.965314 0.147813 -0.559565 -0.088259 -0.060448 -0.371380 -0.533184 
-0.402162 0.861714 0.269018 1.931597 -0.088259 -0.060448 0.547297 -0.264514 
0.056818 1.534830 1.238656 -0.203685 -0.088259 -0.060448 1.833444 -0.533184 
-1.503711 0.669396 0.147813 -0.630741 -0.088259 -0.060448 0.363561 -0.533184 
-1.411915 0.861714 -0.094596 -0.773093 -0.088259 -0.060448 0.547297 -0.533184 
-1.411915 -0.580676 0.147813 -0.132509 -0.088259 -0.060448 1.833444 -0.533184 
1.066571 0.188599 0.147813 0.152196 -0.088259 -0.060448 0.914768 -0.264514 
1.250163 2.304105 -2.397485 0.508076 -0.088259 -0.060448 1.098503 -0.533184 
0.424001 0.284758 0.026609 2.002773 -0.088259 -0.060448 0.914768 -0.085400 
1.433755 0.765555 -0.700619 2.287477 -0.088259 -0.060448 0.179826 -0.533184 
0.424001 0.765555 0.390223 1.931597 -0.088259 -0.060448 -0.922586 -0.533184 
0.974776 0.957874 0.875042 1.646893 -0.088259 -0.060448 -0.187645 -0.174957 
2.259917 1.342511 -2.033871 0.223372 -0.088259 -0.060448 1.098503 0.004157 
2.259917 1.246352 -1.670257 0.294548 -0.088259 -0.060448 1.282238 -0.533184 
-0.126774 -0.484517 -1.549052 0.508076 -0.088259 -0.060448 -0.371380 0.004157 
0.882980 0.861714 -0.821824 0.792780 -0.088259 -0.060448 0.363561 -0.264514 
-0.493957 -1.638429 1.359861 -0.986621 -0.088259 -0.060448 -1.841263 -0.533184 
0.148613 -0.196039 -0.700619 1.362188 -0.088259 -0.060448 0.363561 -0.533184 
-0.493957 0.957874 -1.185438 2.785709 -0.088259 -0.060448 -0.738851 -0.174957 
1.066571 1.246352 -2.033871 -0.274861 -0.088259 -0.060448 0.179826 -0.533184 
0.424001 2.784902 -1.549052 0.579252 -0.088259 -0.060448 0.179826 -0.533184 
0.148613 1.150192 -0.943029 2.145125 -0.088259 -0.060448 -2.576204 -0.533184 
0.240409 -0.676835 -0.821824 1.718069 -0.088259 -0.060448 -1.473792 -0.533184 
0.240409 -0.772995 0.632632 3.141589 -0.088259 -0.060448 -0.003909 -0.533184 
-0.952936 0.957874 -0.821824 1.789245 -0.088259 -0.060448 -1.106321 -0.533184 
0.699388 -0.292198 -0.700619 2.002773 -0.088259 -0.060448 -0.003909 -0.533184 
1.800938 1.919467 -0.579415 0.223372 -0.088259 -0.060448 -0.738851 -0.533184 
-1.136528 1.727149 -0.215801 -0.346037 -0.088259 -0.060448 0.731032 -0.264514 
0.424001 -0.772995 1.117451 -0.986621 -0.088259 -0.060448 0.914768 -0.533184 
-0.034978 0.573236 -1.670257 -0.844269 -0.088259 -0.060448 -0.003909 -0.533184 
0.791184 0.380918 -0.337005 -0.630741 -0.088259 -0.060448 -0.738851 -0.533184 
0.791184 -0.676835 0.875042 -0.346037 -0.088259 -0.060448 -1.473792 -0.533184 
0.974776 0.765555 -0.700619 -0.986621 -0.088259 -0.060448 0.179826 -0.533184 
0.515797 -0.965314 1.844679 -0.061333 -0.088259 -0.060448 -1.290057 -0.533184 
-1.228324 -1.157632 0.390223 -1.057797 -0.088259 -0.060448 -2.576204 -0.622741 
-1.503711 -0.196039 0.390223 1.860421 -0.088259 -0.060448 -0.003909 0.541499 
-1.044732 -1.061473 -2.155076 -0.844269 -0.088259 -0.060448 1.282238 0.272828 
-0.585753 0.284758 0.875042 -0.773093 -0.088259 -0.060448 -0.922586 -0.085400 
-0.861141 0.284758 2.935522 -0.630741 -0.088259 -0.060448 0.914768 -0.533184 
-0.861141 0.284758 2.935522 -0.630741 -0.088259 -0.060448 0.914768 -0.533184 
0.515797 -0.388357 0.026609 0.508076 -0.088259 -0.060448 0.363561 -0.533184 
-0.677549 0.765555 -0.337005 -0.844269 -0.088259 -0.060448 -0.555115 -0.533184 
0.515797 0.477077 1.117451 -0.915445 -0.088259 -0.060448 -0.187645 -0.533184 
-0.493957 0.861714 2.571908 -0.274861 -0.088259 -0.060448 1.282238 -0.533184 
-0.218570 -2.023067 0.753837 0.721604 -0.088259 -0.060448 0.363561 -0.891412 
-2.513465 -2.119226 0.147813 -0.844269 -0.088259 -0.060448 0.547297 1.437069 
0.332205 0.477077 0.511428 -0.844269 -0.088259 -0.060448 0.179826 -0.533184 
-0.310366 1.919467 -0.700619 1.789245 -0.088259 -0.060448 0.363561 1.168398 
-1.870895 -0.869154 1.844679 -1.057797 -0.088259 -0.060448 -1.106321 -0.533184 
0.699388 -0.580676 -2.033871 0.294548 -0.088259 -0.060448 0.363561 -0.533184 
-1.228324 -0.580676 -2.518690 -0.203685 -0.088259 -0.060448 0.547297 -0.533184 
1.066571 0.957874 0.632632 -0.346037 -0.088259 -0.060448 0.731032 0.451942 
-0.769345 -1.926907 -0.579415 -0.986621 -0.088259 -0.060448 -1.657528 -0.533184 
0.791184 -0.484517 0.390223 -0.701917 -0.088259 -0.060448 -0.003909 -0.533184 
-1.136528 -0.772995 0.996246 -0.274861 -0.088259 -0.060448 -0.555115 0.810170 
-2.238078 -2.696182 0.269018 -0.417213 -0.088259 -0.060448 -1.106321 -0.533184 
0.699388 0.573236 0.632632 -0.274861 -0.088259 -0.060448 -0.003909 0.810170 
-1.044732 -2.311545 -0.215801 -0.701917 -0.088259 -0.060448 0.179826 -0.533184 
-0.861141 -0.003720 0.996246 -0.274861 -0.088259 -0.060448 -0.738851 -0.533184 
1.158367 0.765555 -0.458210 -0.417213 -0.088259 -0.060448 -0.003909 0.899727 
-0.034978 1.630989 0.390223 2.572181 -0.088259 -0.060448 0.547297 0.720613 
-0.402162 -0.869154 0.390223 -0.844269 -0.088259 -0.060448 -0.555115 -0.533184 
0.515797 1.246352 0.147813 -0.346037 -0.088259 -0.060448 0.914768 0.183271 
-0.126774 -0.484517 -0.215801 3.782174 -0.088259 -0.060448 -0.187645 3.138651 
0.332205 0.669396 -1.912667 -0.701917 -0.088259 -0.060448 0.179826 1.705740 
0.791184 0.380918 0.511428 -0.488389 -0.088259 -0.060448 0.731032 -0.533184 
-0.769345 -0.292198 0.269018 -0.559565 -0.088259 -0.060448 0.731032 -0.533184 
0.424001 0.573236 -0.094596 -0.346037 -0.088259 -0.060448 -0.371380 0.183271 
-1.136528 -0.869154 0.753837 -1.057797 -0.088259 -0.060448 -0.371380 -0.533184 
0.699388 -0.196039 0.269018 -1.057797 -0.088259 -0.060448 0.363561 1.795297 
-0.218570 0.765555 0.390223 0.436900 -0.088259 -0.060448 1.282238 -0.533184 
-0.218570 0.765555 0.269018 0.436900 -0.088259 -0.060448 1.282238 -0.533184 
-1.687303 -0.484517 -1.306643 -0.773093 -0.088259 -0.060448 0.547297 -0.533184 
0.424001 2.592583 -1.670257 -0.844269 -0.088259 -0.060448 -0.738851 -0.533184 
0.974776 1.150192 -0.943029 -0.986621 -0.088259 -0.060448 0.914768 -0.533184 
0.607592 1.630989 -0.215801 0.579252 -0.088259 -0.060448 0.363561 -0.533184 
1.066571 0.957874 -0.579415 -0.488389 -0.088259 -0.060448 1.098503 -0.085400 
1.433755 1.246352 -1.185438 -0.274861 -0.088259 -0.060448 0.179826 -0.533184 
0.974776 0.477077 -1.549052 -0.559565 -0.088259 -0.060448 0.363561 -0.533184 
-1.044732 -0.196039 -0.943029 -0.488389 -0.088259 -0.060448 -0.371380 -0.533184 
-1.411915 -0.099879 0.511428 -0.986621 -0.088259 -0.060448 0.363561 -0.533184 
1.341959 0.957874 -0.579415 -0.915445 -0.088259 -0.060448 0.547297 -0.533184 
0.515797 1.919467 -1.064234 -0.488389 -0.088259 -0.060448 0.547297 -0.533184 
0.699388 -0.196039 -0.579415 0.365724 -0.088259 -0.060448 1.465974 1.795297 
-1.136528 -0.196039 -0.215801 -0.773093 11.319274 -0.060448 0.914768 0.631056 
-0.402162 0.284758 -0.337005 -0.844269 -0.088259 -0.060448 -0.003909 -0.533184 
1.433755 1.342511 -1.064234 -0.986621 -0.088259 -0.060448 0.363561 -0.264514 
-2.054486 -0.772995 0.026609 -0.559565 -0.088259 -0.060448 -0.003909 -0.085400 
0.974776 1.150192 0.026609 -0.132509 -0.088259 -0.060448 0.547297 -0.533184 
2.168121 1.054033 0.269018 -0.773093 -0.088259 -0.060448 -0.187645 0.451942 
-0.126774 -1.253792 -2.155076 -0.630741 -0.088259 -0.060448 0.914768 -0.533184 
0.607592 0.669396 -1.064234 -0.274861 -0.088259 -0.060448 -0.371380 -0.533184 
-0.769345 -0.388357 -2.761099 -0.986621 -0.088259 -0.060448 -0.738851 -0.085400 
-1.136528 -1.157632 0.753837 -0.630741 -0.088259 -0.060448 0.363561 -0.533184 
0.607592 0.861714 0.147813 -0.488389 -0.088259 -0.060448 1.649709 3.496879 
-0.493957 0.380918 -1.306643 -0.630741 -0.088259 -0.060448 -0.003909 -0.174957 
-0.034978 -0.099879 0.875042 -0.701917 -0.088259 -0.060448 -0.187645 0.004157 
1.984530 1.150192 -0.094596 0.365724 -0.088259 -0.060448 0.914768 -0.533184 
-1.136528 0.765555 -1.791462 0.294548 -0.088259 -0.060448 0.547297 -0.264514 
-0.952936 -0.484517 1.359861 0.081020 -0.088259 -0.060448 -0.371380 -0.533184 
0.699388 1.727149 0.753837 0.436900 -0.088259 -0.060448 1.282238 0.541499 
0.056818 -1.253792 -1.064234 -0.346037 -0.088259 -0.060448 1.282238 -0.533184 
1.341959 0.957874 0.147813 -0.773093 -0.088259 -0.060448 0.363561 0.093714 
0.791184 1.054033 0.269018 -0.701917 -0.088259 -0.060448 -4.781029 1.257955 
-0.310366 0.284758 -1.670257 -0.773093 -0.088259 -0.060448 0.179826 -0.533184 
-0.310366 -0.388357 -0.215801 -0.773093 -0.088259 -0.060448 -0.738851 -0.085400 
1.158367 1.150192 -0.215801 0.294548 -0.088259 -0.060448 0.547297 -0.533184 
-1.136528 1.919467 0.753837 1.006308 -0.088259 -0.060448 0.547297 0.720613 
-2.238078 -1.734588 0.875042 -0.274861 -0.088259 -0.060448 -0.371380 -0.085400 
-0.218570 -0.580676 0.147813 -0.417213 -0.088259 -0.060448 -0.003909 -0.264514 
0.332205 -1.253792 -0.579415 -0.773093 -0.088259 -0.060448 0.179826 1.257955 
1.066571 1.630989 0.147813 0.294548 -0.088259 -0.060448 -0.738851 0.272828 
-0.585753 0.380918 -1.185438 -1.057797 -0.088259 -0.060448 0.731032 0.631056 
-0.952936 -1.446110 -0.094596 -0.986621 -0.088259 -0.060448 0.179826 2.332638 
-0.218570 0.765555 -0.215801 -0.630741 -0.088259 -0.060448 0.363561 -0.533184 
-1.503711 -1.638429 0.390223 -0.559565 -0.088259 -0.060448 0.363561 0.093714 
-1.870895 0.284758 -0.458210 0.650428 -0.088259 -0.060448 -0.187645 0.004157 
0.607592 0.765555 0.753837 -0.559565 -0.088259 -0.060448 -0.922586 -0.264514 
-2.788853 -0.965314 -0.700619 -1.200149 -0.088259 -0.060448 0.731032 -0.085400 
-0.402162 0.284758 0.390223 -0.773093 -0.088259 -0.060448 -0.922586 -0.174957 
1.158367 -0.772995 0.996246 -0.559565 -0.088259 -0.060448 -0.371380 -0.533184 
1.066571 -0.484517 0.147813 -0.488389 -0.088259 -0.060448 0.914768 -0.085400 
1.525551 0.477077 -0.700619 -0.915445 -0.088259 -0.060448 0.547297 -0.533184 
0.148613 -1.638429 -2.033871 -0.915445 -0.088259 -0.060448 0.363561 -0.533184 
0.424001 0.284758 0.026609 -0.986621 -0.088259 -0.060448 0.179826 1.078841 
0.148613 -0.484517 -0.337005 -0.773093 -0.088259 -0.060448 0.914768 -0.264514 
0.148613 -0.099879 0.147813 -0.701917 -0.088259 -0.060448 0.547297 0.004157 
0.056818 -0.869154 -0.215801 -0.559565 -0.088259 -0.060448 0.179826 -0.533184 
0.148613 -0.580676 0.390223 -0.630741 -0.088259 -0.060448 -0.003909 0.720613 
-1.228324 1.727149 0.026609 -0.701917 -0.088259 -0.060448 -0.555115 0.451942 
-2.513465 -1.349951 -2.155076 -1.128973 -0.088259 -0.060448 -0.371380 0.272828 
-1.595507 0.188599 -0.458210 -1.057797 -0.088259 -0.060448 -0.738851 -0.533184 
-0.310366 0.284758 -0.337005 0.863956 -0.088259 -0.060448 0.363561 -0.533184 
-1.503711 -0.292198 -0.094596 -0.630741 -0.088259 -0.060448 -0.187645 -0.533184 
0.699388 -0.676835 0.632632 -0.346037 -0.088259 -0.060448 0.363561 -0.533184 
-0.677549 -0.003720 -0.094596 -0.630741 -0.088259 -0.060448 0.731032 1.974411 
0.974776 -0.003720 0.632632 -1.128973 -0.088259 -0.060448 -0.738851 -0.264514 
0.974776 -0.003720 0.632632 -0.986621 -0.088259 -0.060448 -0.738851 -0.264514 
0.974776 -0.292198 -0.337005 -0.132509 -0.088259 -0.060448 0.363561 0.810170 
0.974776 -0.676835 0.026609 0.009843 -0.088259 -0.060448 0.179826 0.810170 
-0.585753 1.150192 0.269018 0.223372 -0.088259 -0.060448 -0.555115 1.347512 
1.984530 0.188599 -0.215801 1.148660 -0.088259 -0.060448 -0.187645 -0.533184 
-0.861141 0.092439 1.238656 -0.915445 -0.088259 -0.060448 0.731032 -0.533184 
1.158367 -0.003720 -0.821824 1.860421 -0.088259 -0.060448 0.731032 3.138651 
-1.779099 0.284758 0.511428 -1.057797 -0.088259 -0.060448 -0.738851 -0.533184 
0.791184 0.861714 1.481065 0.935132 11.319274 -0.060448 1.649709 1.078841 
-2.421669 -0.965314 -0.215801 -0.701917 -0.088259 -0.060448 0.179826 1.526626 
-0.126774 0.861714 0.753837 -0.773093 -0.088259 -0.060448 0.363561 -0.174957 
-0.402162 -0.580676 0.390223 -0.274861 -0.088259 -0.060448 1.282238 0.451942 
0.882980 1.054033 -0.094596 2.287477 -0.088259 -0.060448 0.547297 -0.533184 
0.056818 -1.349951 -0.458210 -0.844269 -0.088259 -0.060448 -0.555115 -0.174957 
-0.034978 -0.292198 0.269018 2.572181 -0.088259 -0.060448 -0.738851 -0.533184 
0.515797 -0.484517 -0.458210 -0.773093 -0.088259 -0.060448 1.465974 -0.533184 
-0.126774 -0.292198 0.632632 -0.701917 -0.088259 -0.060448 1.098503 -0.533184 
-0.310366 -0.580676 1.359861 -0.844269 -0.088259 -0.060448 0.914768 0.810170 
-0.952936 -1.349951 0.875042 -0.132509 -0.088259 -0.060448 -1.106321 -0.891412 
-0.769345 -0.869154 0.511428 1.860421 -0.088259 -0.060448 -2.392469 -1.070526 
-0.769345 -0.869154 0.511428 1.860421 -0.088259 -0.060448 -2.392469 -1.070526 
0.056818 -0.196039 -1.549052 0.223372 -0.088259 -0.060448 0.547297 -0.533184 
0.056818 0.861714 -0.094596 -1.200149 -0.088259 -0.060448 0.363561 1.257955 
0.791184 -0.388357 0.632632 -0.488389 -0.088259 -0.060448 0.731032 -0.533184 
0.332205 1.438671 -2.518690 0.650428 -0.088259 -0.060448 0.547297 -0.085400 
-0.952936 -2.503863 1.602270 0.650428 -0.088259 -0.060448 -0.555115 -0.533184 
0.332205 -0.003720 0.875042 -0.274861 -0.088259 -0.060448 -0.003909 0.004157 
0.148613 -1.061473 0.996246 -0.630741 -0.088259 -0.060448 0.179826 -0.533184 
0.332205 -0.003720 0.875042 -0.274861 -0.088259 -0.060448 -0.003909 0.004157 
0.515797 0.477077 0.269018 -0.630741 -0.088259 -0.060448 -0.187645 0.810170 
0.240409 -0.292198 -0.215801 -0.773093 -0.088259 -0.060448 0.914768 1.347512 
-1.320120 -1.926907 -2.397485 -0.132509 -0.088259 -0.060448 0.547297 -0.533184 
-0.402162 -0.869154 0.026609 0.152196 -0.088259 -0.060448 -1.841263 -0.533184 
1.250163 0.573236 -0.215801 -0.701917 -0.088259 -0.060448 0.731032 1.257955 
0.699388 0.477077 0.632632 0.223372 -0.088259 -0.060448 -0.371380 -0.533184 
-0.310366 -0.676835 0.875042 -0.417213 -0.088259 -0.060448 1.282238 -0.264514 
-0.952936 1.342511 -2.033871 -0.061333 -0.088259 -0.060448 0.179826 -0.533184 
-0.218570 0.765555 0.026609 2.714533 -0.088259 -0.060448 0.731032 -0.533184 
-0.861141 -0.196039 0.147813 3.497470 -0.088259 -0.060448 -0.003909 -0.174957 
1.250163 0.573236 -0.215801 -0.488389 -0.088259 -0.060448 0.731032 1.705740 
-0.310366 0.477077 0.147813 0.792780 -0.088259 -0.060448 -0.003909 -0.533184 
-0.310366 0.477077 0.147813 0.792780 -0.088259 -0.060448 -0.003909 -0.533184 
-1.411915 -1.349951 1.238656 -0.630741 -0.088259 -0.060448 0.363561 0.362385 
-1.228324 -1.349951 1.238656 -0.559565 -0.088259 -0.060448 0.363561 0.362385 
0.332205 1.919467 -0.215801 2.358653 -0.088259 -0.060448 0.731032 -0.085400 
-0.585753 -1.734588 -0.215801 0.152196 -0.088259 -0.060448 0.731032 -0.533184 
-0.585753 -0.484517 -0.094596 0.152196 -0.088259 -0.060448 -0.003909 -0.533184 
0.148613 -0.772995 -2.033871 0.009843 -0.088259 -0.060448 -0.003909 -0.533184 
-1.228324 -0.772995 -2.518690 -0.203685 -0.088259 -0.060448 0.179826 -0.533184 
-0.402162 -0.388357 -2.518690 -0.559565 -0.088259 -0.060448 0.179826 -0.533184 
-0.402162 -0.292198 -1.670257 -0.986621 -0.088259 -0.060448 -0.371380 -0.533184 
-0.218570 0.861714 -2.518690 -0.630741 -0.088259 -0.060448 0.179826 -0.533184 
-0.493957 -0.388357 -2.155076 -0.630741 -0.088259 -0.060448 0.731032 -0.085400 
0.515797 0.765555 -0.215801 1.433364 -0.088259 -0.060448 0.363561 -0.533184 
-0.218570 0.573236 0.390223 2.572181 -0.088259 -0.060448 0.547297 -0.533184 
0.699388 0.092439 -0.094596 1.433364 -0.088259 -0.060448 0.363561 -0.264514 
0.240409 -0.196039 0.147813 -0.701917 -0.088259 -0.060448 0.363561 -0.174957 
0.240409 0.477077 -0.700619 1.291012 -0.088259 -0.060448 -0.187645 -0.533184 
-0.218570 1.054033 0.269018 3.426294 -0.088259 -0.060448 -0.555115 -0.264514 
1.800938 0.284758 0.269018 0.152196 -0.088259 -0.060448 0.179826 -0.533184 
-1.136528 0.092439 -0.458210 -0.274861 -0.088259 -0.060448 -0.003909 0.004157 
-0.034978 1.438671 1.844679 1.362188 -0.088259 -0.060448 -2.392469 -1.518311 
0.332205 -1.349951 -0.943029 -0.559565 -0.088259 -0.060448 -0.371380 -0.264514 
-0.218570 -0.965314 0.996246 -0.559565 -0.088259 -0.060448 -1.106321 1.526626 
-0.402162 0.284758 1.117451 -0.061333 -0.088259 -0.060448 0.914768 -0.533184 
0.974776 0.669396 0.147813 -0.274861 -0.088259 -0.060448 -1.106321 -0.533184 
0.148613 -0.676835 -2.276281 -0.346037 -0.088259 -0.060448 -0.003909 0.362385 
-1.136528 0.477077 -1.912667 0.508076 -0.088259 -0.060448 -0.003909 0.362385 
-0.493957 -1.542270 1.238656 -0.915445 -0.088259 -0.060448 -6.618383 -0.085400 
0.240409 -0.196039 -1.064234 0.436900 -0.088259 -0.060448 1.098503 2.422195 
0.240409 -0.292198 -0.215801 0.294548 -0.088259 -0.060448 -0.555115 1.078841 
-0.126774 -0.676835 -0.094596 1.291012 -0.088259 -0.060448 0.547297 -0.533184 
-0.677549 0.284758 -1.064234 -0.915445 -0.088259 -0.060448 -0.922586 -0.264514 
1.617346 1.246352 -1.427848 0.294548 -0.088259 -0.060448 1.282238 0.004157 
-0.034978 -0.484517 -1.912667 0.436900 -0.088259 -0.060448 0.731032 -0.533184 
-0.493957 -2.215385 1.117451 -0.844269 -0.088259 -0.060448 -0.922586 -0.533184 
-2.238078 -1.349951 -1.185438 0.152196 -0.088259 -0.060448 -0.003909 -0.085400 
-1.228324 -1.638429 1.117451 0.792780 -0.088259 -0.060448 -0.003909 0.183271 
1.066571 0.477077 -0.458210 0.009843 -0.088259 -0.060448 0.547297 0.272828 
0.607592 0.284758 0.390223 1.860421 -0.088259 -0.060448 -0.555115 -0.264514 
0.515797 0.188599 0.390223 2.145125 -0.088259 -0.060448 -0.187645 1.168398 
0.056818 -0.484517 -0.700619 -0.630741 -0.088259 -0.060448 -0.371380 0.810170 
-1.044732 -1.253792 -0.458210 -0.274861 -0.088259 -0.060448 -1.106321 0.272828 
-0.402162 0.380918 0.269018 1.860421 11.319274 -0.060448 -0.187645 -0.533184 
-1.870895 0.765555 0.632632 -0.559565 -0.088259 -0.060448 0.363561 -0.533184 
0.424001 -0.003720 0.390223 0.152196 -0.088259 -0.060448 0.731032 -0.533184 
-1.044732 -0.388357 0.753837 -0.559565 -0.088259 -0.060448 -1.473792 -0.533184 
-0.493957 0.284758 -1.427848 -0.274861 -0.088259 -0.060448 -0.187645 -0.174957 
0.424001 -0.003720 0.875042 2.073949 -0.088259 -0.060448 -0.371380 -0.533184 
-0.402162 -0.965314 0.026609 -0.132509 -0.088259 -0.060448 -0.738851 0.451942 
0.056818 0.861714 0.147813 2.501005 -0.088259 -0.060448 0.179826 -0.533184 
0.332205 -0.484517 -0.458210 -0.488389 -0.088259 -0.060448 0.363561 0.810170 
0.607592 0.573236 -0.215801 -0.844269 -0.088259 -0.060448 1.098503 -0.533184 
0.424001 1.342511 0.390223 -0.488389 -0.088259 -0.060448 -0.003909 -0.533184 
-0.126774 -0.772995 -1.549052 -0.559565 -0.088259 -0.060448 -0.187645 -0.533184 
1.892734 0.188599 0.511428 2.785709 -0.088259 -0.060448 -0.738851 0.272828 
0.515797 -0.388357 -0.458210 -0.274861 -0.088259 -0.060448 0.547297 -0.533184 
-0.126774 -3.273138 -1.791462 -0.346037 -0.088259 -0.060448 -0.003909 -0.264514 
0.240409 -0.292198 -0.337005 -0.630741 -0.088259 -0.060448 -0.003909 -0.174957 
-0.310366 0.477077 -0.943029 -0.630741 -0.088259 -0.060448 0.731032 4.213335 
-0.126774 -0.099879 -0.579415 -0.701917 -0.088259 -0.060448 0.179826 -0.533184 
0.148613 1.342511 1.723475 -0.559565 -0.088259 -0.060448 -0.738851 1.347512 
0.240409 -1.349951 1.359861 -0.488389 -0.088259 -0.060448 1.282238 -0.533184 
-0.769345 -1.061473 -2.155076 -0.203685 -0.088259 -0.060448 0.547297 -0.174957 
-0.769345 -1.061473 0.632632 -0.773093 -0.088259 -0.060448 -0.003909 -0.085400 
-1.320120 -1.061473 0.390223 0.152196 -0.088259 -0.060448 0.547297 -0.085400 
-0.769345 -1.061473 -2.155076 -0.203685 -0.088259 -0.060448 0.363561 -0.174957 
0.056818 0.284758 0.753837 -0.132509 -0.088259 -0.060448 -0.003909 -0.533184 
0.240409 1.342511 0.390223 2.856885 -0.088259 -0.060448 -0.187645 -0.533184 
-0.034978 0.573236 0.390223 1.575716 -0.088259 -0.060448 0.547297 -0.174957 
2.259917 0.957874 -1.064234 0.152196 -0.088259 -0.060448 -0.371380 -0.533184 
3.086079 1.630989 0.147813 1.077484 -0.088259 -0.060448 1.282238 -0.174957 
-1.962690 -0.965314 0.147813 0.721604 -0.088259 -0.060448 -0.371380 2.511752 
1.341959 1.150192 -0.458210 -0.701917 -0.088259 -0.060448 0.547297 -0.533184 
-0.677549 0.380918 0.269018 1.860421 -0.088259 -0.060448 0.179826 -0.533184 
0.332205 -0.099879 -1.185438 1.291012 -0.088259 -0.060448 -0.003909 -0.533184 
0.148613 -0.388357 -0.700619 -0.274861 -0.088259 -0.060448 0.179826 -0.533184 
-0.126774 0.861714 0.147813 0.152196 -0.088259 -0.060448 0.363561 -0.533184 
0.515797 -0.003720 -0.700619 1.291012 -0.088259 -0.060448 -0.187645 -0.085400 
0.148613 -0.003720 -0.579415 2.643357 -0.088259 -0.060448 0.363561 -0.533184 
2.076325 0.477077 -1.064234 -0.274861 -0.088259 -0.060448 0.179826 0.004157 
-0.034978 1.150192 -1.912667 -0.346037 -0.088259 -0.060448 0.363561 -0.533184 
0.699388 0.092439 -0.700619 -0.559565 -0.088259 -0.060448 -0.187645 -0.533184 
-0.677549 0.477077 1.238656 -0.346037 -0.088259 -0.060448 -0.371380 0.451942 
0.882980 -0.388357 -1.064234 -0.417213 -0.088259 -0.060448 0.731032 -0.533184 
-0.677549 -0.099879 -0.337005 -0.559565 -0.088259 -0.060448 -0.738851 -0.533184 
-1.228324 0.573236 0.390223 -0.915445 -0.088259 -0.060448 0.363561 -0.533184 
0.699388 1.630989 -0.094596 0.152196 -0.088259 -0.060448 0.914768 -0.533184 
-1.687303 -0.196039 0.390223 0.081020 -0.088259 -0.060448 -0.187645 -0.533184 
-0.218570 -0.003720 1.481065 2.928061 -0.088259 -0.060448 -0.371380 -0.533184 
1.709142 0.380918 0.147813 1.291012 -0.088259 -0.060448 1.098503 -0.085400 
0.240409 0.092439 0.996246 1.504540 -0.088259 -0.060448 -0.187645 0.720613 
0.607592 0.380918 0.390223 -0.417213 -0.088259 -0.060448 0.914768 -0.264514 
-0.952936 -1.638429 0.269018 -0.701917 -0.088259 -0.060448 0.547297 1.437069 
-0.402162 -0.869154 0.996246 -0.915445 -0.088259 -0.060448 -1.657528 1.347512 
0.056818 -0.099879 0.390223 2.073949 -0.088259 -0.060448 0.179826 3.317765 
1.158367 1.054033 -0.700619 -0.203685 -0.088259 -0.060448 0.914768 -0.533184 
-0.218570 2.400264 -0.458210 2.785709 -0.088259 -0.060448 0.731032 1.347512 
1.709142 0.573236 -0.215801 -0.701917 -0.088259 -0.060448 0.731032 0.720613 
-0.126774 0.669396 1.238656 -0.915445 -0.088259 -0.060448 -0.555115 -0.533184 
1.800938 0.284758 0.390223 -0.346037 -0.088259 -0.060448 -1.290057 0.183271 
-0.677549 1.919467 -0.094596 3.995702 -0.088259 -0.060448 -1.106321 0.720613 
1.066571 0.861714 -0.943029 0.009843 -0.088259 -0.060448 0.179826 -0.533184 
1.158367 1.342511 0.390223 1.006308 -0.088259 -0.060448 -0.003909 -0.533184 
-1.044732 -0.772995 0.269018 1.575716 -0.088259 -0.060448 -0.371380 -0.533184 
0.332205 -0.580676 0.632632 0.863956 -0.088259 -0.060448 -0.738851 -0.533184 
-0.585753 0.573236 0.875042 -0.417213 -0.088259 -0.060448 0.363561 -0.533184 
0.882980 -0.772995 1.359861 0.294548 -0.088259 -0.060448 -0.371380 -1.518311 
-0.493957 0.477077 0.269018 2.714533 -0.088259 -0.060448 -0.555115 -0.533184 
0.240409 -0.196039 1.602270 0.721604 -0.088259 -0.060448 -0.187645 -0.533184 
1.158367 0.284758 1.117451 0.863956 -0.088259 19.442324 0.363561 -0.354070 
-0.218570 -0.965314 1.602270 -0.844269 -0.088259 -0.060448 0.731032 -0.533184 
0.515797 -0.580676 0.875042 0.223372 -0.088259 -0.060448 -0.003909 -0.533184 
-0.585753 0.380918 0.269018 1.077484 -0.088259 -0.060448 -2.024998 0.451942 
-0.218570 -0.484517 1.481065 1.006308 -0.088259 -0.060448 1.649709 -1.518311 
0.974776 0.380918 1.238656 0.508076 -0.088259 -0.060448 -2.208734 -1.518311 
0.882980 1.246352 0.511428 0.081020 -0.088259 -0.060448 -1.106321 -0.622741 
0.882980 0.957874 0.875042 0.650428 -0.088259 -0.060448 -0.187645 -0.533184 
1.525551 1.534830 0.632632 -0.346037 -0.088259 -0.060448 -0.003909 -0.533184 
0.791184 0.188599 1.238656 1.646893 -0.088259 -0.060448 -0.738851 0.004157 
1.158367 -0.196039 0.996246 -0.701917 -0.088259 -0.060448 -0.187645 -0.533184 
0.515797 0.380918 1.238656 0.650428 -0.088259 -0.060448 -0.003909 -0.533184 
0.699388 0.188599 1.117451 0.365724 -0.088259 -0.060448 -0.738851 -0.085400 
1.617346 0.477077 0.511428 1.860421 -0.088259 -0.060448 -0.555115 -0.085400 
-0.861141 0.573236 0.390223 1.077484 -0.088259 -0.060448 0.179826 -0.533184 
0.974776 0.477077 -0.094596 1.931597 -0.088259 -0.060448 -0.555115 0.272828 
1.250163 -0.196039 0.026609 0.792780 -0.088259 -0.060448 0.179826 -0.533184 
0.699388 1.054033 -0.458210 2.714533 -0.088259 -0.060448 0.731032 0.451942 
0.332205 0.765555 0.026609 1.148660 -0.088259 -0.060448 0.547297 0.720613 
-0.402162 -1.542270 -0.094596 0.223372 -0.088259 -0.060448 -0.003909 -0.533184 
-1.411915 -0.292198 -0.821824 -0.417213 -0.088259 -0.060448 0.914768 0.451942 
0.332205 1.150192 0.026609 0.009843 -0.088259 -0.060448 0.731032 -0.533184 
0.148613 -0.196039 -1.064234 1.433364 -0.088259 -0.060448 0.914768 -0.533184 
0.240409 0.765555 -0.215801 2.501005 -0.088259 -0.060448 -0.003909 -0.533184 
0.332205 -0.003720 0.026609 1.219836 -0.088259 -0.060448 -0.187645 -0.533184 
0.424001 -0.965314 1.359861 -0.986621 -0.088259 -0.060448 -1.657528 0.004157 
0.515797 -0.772995 0.753837 -0.986621 -0.088259 -0.060448 0.547297 0.362385 
0.332205 0.765555 1.359861 -0.132509 -0.088259 -0.060448 0.363561 2.063968 
1.433755 1.150192 -0.094596 0.081020 -0.088259 -0.060448 0.914768 -0.533184 
-0.126774 -0.388357 0.269018 0.365724 -0.088259 -0.060448 -0.371380 -0.533184 
0.974776 0.861714 0.390223 3.070413 -0.088259 -0.060448 0.731032 -0.533184 
1.250163 1.054033 -0.458210 1.646893 -0.088259 -0.060448 0.731032 -0.533184 
1.433755 -0.099879 0.632632 -0.986621 -0.088259 -0.060448 -0.003909 -0.533184 
0.699388 0.477077 0.390223 1.006308 -0.088259 -0.060448 -0.371380 -0.533184 
-0.585753 -0.099879 0.875042 2.572181 -0.088259 -0.060448 -0.003909 -0.533184 
-0.310366 0.477077 0.269018 0.792780 -0.088259 -0.060448 0.179826 -0.533184 
0.882980 -0.772995 -0.337005 -0.132509 -0.088259 -0.060448 0.914768 -0.533184 
-0.126774 -0.196039 0.632632 -0.986621 -0.088259 -0.060448 0.914768 -0.533184 
-0.769345 -1.253792 -0.215801 -0.630741 -0.088259 -0.060448 -0.187645 -0.533184 
0.974776 -0.965314 -1.306643 -0.346037 -0.088259 -0.060448 -0.003909 -0.533184 
0.515797 -0.676835 -0.094596 -0.132509 11.319274 -0.060448 -0.555115 -0.533184 
0.974776 0.765555 0.147813 -0.061333 -0.088259 -0.060448 1.282238 0.631056 
-0.310366 -0.676835 -2.639895 -0.346037 -0.088259 -0.060448 -0.187645 -0.533184 
0.148613 1.150192 0.511428 -0.630741 -0.088259 -0.060448 -1.106321 -0.533184 
0.791184 1.438671 0.147813 -0.417213 -0.088259 -0.060448 -2.943675 -0.174957 
-0.493957 -1.926907 0.753837 -0.559565 -0.088259 -0.060448 -1.473792 -0.533184 
0.332205 -0.196039 0.390223 1.077484 -0.088259 -0.060448 0.547297 -0.533184 
1.158367 0.284758 0.147813 1.362188 -0.088259 -0.060448 -0.003909 -0.085400 
-0.952936 -0.676835 -0.700619 -0.844269 -0.088259 -0.060448 -0.555115 -0.533184 
-0.952936 0.284758 0.753837 1.006308 -0.088259 -0.060448 -0.371380 -0.085400 
-1.044732 -0.869154 0.511428 0.009843 -0.088259 -0.060448 -0.187645 -0.533184 
0.240409 -1.157632 0.269018 1.077484 -0.088259 -0.060448 0.914768 0.720613 
1.066571 0.957874 -1.427848 1.860421 -0.088259 -0.060448 -0.003909 0.272828 
-0.034978 1.054033 -1.670257 0.365724 -0.088259 -0.060448 0.179826 0.720613 
0.056818 1.342511 0.147813 0.294548 -0.088259 -0.060448 0.179826 0.810170 
0.056818 0.573236 0.269018 2.429829 -0.088259 -0.060448 0.547297 0.272828 
-1.044732 -0.388357 0.026609 -0.630741 -0.088259 -0.060448 1.833444 -0.801855 
-0.769345 -1.349951 2.087089 0.294548 -0.088259 -0.060448 -0.003909 0.093714 
-3.339628 -0.676835 1.965884 -0.915445 -0.088259 -0.060448 -0.922586 0.093714 
-0.677549 0.477077 -0.821824 -0.559565 -0.088259 -0.060448 0.731032 0.272828 
-0.034978 0.188599 0.511428 -0.488389 -0.088259 -0.060448 2.200915 -0.533184 
-1.136528 0.188599 -0.821824 0.081020 -0.088259 -0.060448 0.179826 -0.533184 
-1.044732 -1.734588 -0.094596 -0.488389 -0.088259 -0.060448 0.914768 0.183271 
0.148613 -0.388357 0.026609 -0.559565 -0.088259 -0.060448 0.363561 -0.085400 
-1.136528 -0.388357 0.390223 0.009843 -0.088259 -0.060448 0.363561 -0.174957 
-0.402162 -1.926907 0.269018 0.579252 -0.088259 -0.060448 0.914768 2.601309 
-1.320120 -0.003720 0.511428 -0.701917 -0.088259 -0.060448 0.547297 4.213335 
-0.310366 -1.349951 1.238656 -0.915445 -0.088259 -0.060448 -0.187645 -0.174957 
3.636854 -0.099879 1.117451 1.504540 -0.088259 -0.060448 1.649709 -0.533184 
-1.595507 0.669396 0.875042 -0.701917 -0.088259 -0.060448 2.017180 0.004157 
-1.687303 -1.349951 0.511428 -0.132509 -0.088259 -0.060448 0.179826 -0.533184 
2.535304 1.823308 0.026609 0.223372 -0.088259 -0.060448 0.363561 0.720613 
-0.034978 -0.099879 -0.094596 -0.773093 -0.088259 -0.060448 -0.003909 1.795297 
0.332205 -1.349951 -0.215801 -0.701917 -0.088259 -0.060448 0.547297 -0.622741 
1.525551 2.688742 0.026609 -0.559565 -0.088259 -0.060448 -0.738851 -0.533184 
3.912242 0.573236 0.996246 -0.417213 -0.088259 -0.060448 -0.371380 -0.533184 
3.728650 1.054033 0.390223 0.935132 -0.088259 -0.060448 -1.657528 0.183271 
2.076325 0.284758 -0.458210 -0.132509 -0.088259 -0.060448 0.547297 -0.264514 
-2.054486 -1.157632 0.875042 0.294548 -0.088259 -0.060448 1.465974 0.272828 
1.984530 1.342511 -0.215801 -1.840734 11.319274 -0.060448 -0.555115 -0.533184 
2.810692 1.630989 -1.306643 -0.701917 -0.088259 -0.060448 2.384651 -0.533184 
0.424001 1.534830 -2.033871 -0.701917 -0.088259 -0.060448 1.282238 -0.533184 
-0.585753 0.092439 0.875042 -0.274861 -0.088259 -0.060448 0.363561 -0.533184 
0.974776 0.284758 0.632632 -0.701917 -0.088259 -0.060448 -2.943675 -0.533184 
0.056818 0.092439 -0.700619 -0.203685 -0.088259 -0.060448 0.179826 -0.533184 
-0.769345 -0.580676 -0.215801 -1.128973 -0.088259 -0.060448 -0.187645 3.317765 
-0.769345 -1.926907 0.390223 -0.844269 -0.088259 -0.060448 1.649709 -0.533184 
-1.779099 -0.003720 0.632632 -0.701917 -0.088259 -0.060448 -0.371380 -0.174957 
1.984530 -0.869154 0.147813 -0.986621 -0.088259 -0.060448 -2.208734 0.631056 
1.525551 0.380918 -0.094596 0.009843 -0.088259 -0.060448 0.179826 0.272828 
0.791184 -0.003720 -0.094596 0.294548 -0.088259 -0.060448 0.179826 -0.533184 
-0.218570 -0.196039 1.238656 -0.417213 -0.088259 -0.060448 2.200915 -0.533184 
0.515797 0.284758 -1.791462 -0.915445 -0.088259 -0.060448 0.363561 -0.533184 
1.158367 0.573236 0.390223 1.931597 -0.088259 -0.060448 0.363561 -0.085400 
0.148613 0.380918 0.269018 3.141589 -0.088259 -0.060448 0.179826 -0.533184 
0.148613 -0.292198 0.269018 -0.701917 -0.088259 -0.060448 -0.187645 0.272828 
0.332205 -0.196039 0.753837 -0.061333 -0.088259 -0.060448 0.547297 -0.533184 
0.424001 -0.196039 0.026609 -0.559565 -0.088259 -0.060448 -0.003909 -0.533184 
0.699388 1.054033 0.147813 -1.128973 -0.088259 -0.060448 0.547297 -0.533184 
-0.769345 0.957874 -0.094596 -1.128973 -0.088259 -0.060448 0.179826 -0.264514 
-1.320120 -0.965314 -0.700619 -0.488389 -0.088259 -0.060448 0.731032 0.810170 
1.250163 -0.196039 -0.821824 1.504540 -0.088259 -0.060448 -0.003909 0.810170 
-0.585753 -0.003720 -1.549052 -0.915445 -0.088259 -0.060448 0.179826 0.631056 
-0.952936 -0.580676 1.117451 -0.915445 -0.088259 -0.060448 0.179826 -0.533184 
-0.218570 0.957874 0.996246 1.291012 -0.088259 -0.060448 1.098503 -0.533184 
-0.218570 0.477077 -0.458210 1.219836 -0.088259 -0.060448 -0.003909 -0.085400 
2.535304 1.150192 -0.943029 0.650428 -0.088259 -0.060448 -0.922586 -0.085400 
0.791184 1.919467 0.147813 0.935132 -0.088259 -0.060448 -2.576204 -0.533184 
0.056818 -0.292198 0.996246 0.650428 -0.088259 -0.060448 0.914768 0.183271 
1.066571 -0.292198 0.875042 -0.346037 -0.088259 -0.060448 -0.187645 -0.533184 
0.056818 0.380918 -0.215801 0.650428 -0.088259 11.688210 0.179826 -0.533184 
0.240409 0.861714 1.359861 -0.061333 -0.088259 -0.060448 0.179826 -0.533184 
1.341959 -0.484517 -0.215801 0.223372 -0.088259 -0.060448 -0.003909 -0.085400 
-0.218570 -0.676835 -0.215801 -0.844269 11.319274 -0.060448 0.547297 0.183271 
-0.585753 -0.003720 0.390223 -0.132509 -0.088259 -0.060448 -2.392469 2.063968 
-1.779099 -1.157632 0.511428 -0.773093 -0.088259 -0.060448 1.282238 -0.533184 
0.056818 -0.196039 0.875042 0.009843 -0.088259 -0.060448 -1.106321 -0.533184 
-0.861141 1.342511 0.147813 -0.844269 -0.088259 -0.060448 0.547297 -0.533184 
-0.310366 -0.580676 0.753837 -0.274861 -0.088259 -0.060448 -0.003909 -0.264514 
-0.769345 3.169539 -1.912667 0.152196 -0.088259 -0.060448 0.179826 1.526626 
0.515797 0.573236 -0.943029 -0.559565 -0.088259 -0.060448 0.547297 0.272828 
-0.861141 -0.292198 -1.670257 -0.488389 -0.088259 -0.060448 0.363561 0.183271 
-1.503711 -1.734588 -2.033871 -0.488389 -0.088259 -0.060448 0.914768 0.183271 
0.240409 -0.580676 0.753837 1.646893 -0.088259 -0.060448 -0.371380 -0.085400 
1.066571 1.246352 0.026609 2.572181 -0.088259 -0.060448 0.179826 0.899727 
-0.218570 -0.772995 -0.943029 -0.274861 -0.088259 -0.060448 0.179826 1.795297 
-1.870895 0.765555 -2.518690 -0.844269 -0.088259 -0.060448 0.363561 0.989284 
0.699388 0.284758 0.390223 -0.417213 -0.088259 -0.060448 1.098503 -0.533184 
-0.310366 -0.484517 -2.033871 -0.346037 -0.088259 -0.060448 0.914768 1.078841 
-0.769345 0.092439 -2.518690 -0.488389 -0.088259 -0.060448 0.363561 0.272828 
-0.861141 -0.003720 0.026609 -0.915445 -0.088259 -0.060448 -0.003909 0.362385 
-0.952936 0.284758 -1.427848 -0.559565 -0.088259 -0.060448 0.179826 -0.085400 
-1.870895 0.092439 -1.791462 0.009843 -0.088259 -0.060448 -0.187645 -0.174957 
0.148613 -0.003720 0.147813 -0.417213 -0.088259 -0.060448 0.914768 -0.533184 
-1.044732 -0.869154 0.390223 -0.701917 -0.088259 -0.060448 -0.003909 0.004157 
-0.952936 -0.003720 -0.094596 0.009843 -0.088259 -0.060448 0.363561 0.989284 
-2.054486 -0.869154 -0.094596 -0.203685 -0.088259 -0.060448 -0.003909 0.004157 
0.148613 2.207946 0.390223 -0.915445 -0.088259 -0.060448 1.465974 -0.533184 
-0.585753 0.477077 -1.185438 -0.773093 -0.088259 -0.060448 0.731032 -0.264514 
0.240409 -0.292198 0.269018 -0.346037 -0.088259 -0.060448 -4.046087 -0.533184 
-0.218570 -0.099879 0.269018 -0.773093 -0.088259 -0.060448 0.363561 -0.085400 
-0.493957 -1.926907 0.026609 -0.203685 -0.088259 -0.060448 0.547297 -0.085400 
0.699388 1.438671 0.390223 -0.701917 -0.088259 -0.060448 -0.922586 -0.085400 
-0.126774 1.342511 0.390223 -0.061333 -0.088259 -0.060448 -0.738851 -0.533184 
0.515797 1.054033 -0.337005 -0.844269 -0.088259 -0.060448 0.179826 -0.533184 
-0.493957 0.477077 0.753837 -0.630741 -0.088259 -0.060448 -0.187645 -0.533184 
0.424001 -0.196039 0.632632 -0.417213 -0.088259 -0.060448 -0.003909 -0.533184 
0.515797 -0.484517 0.753837 -0.132509 -0.088259 -0.060448 -2.024998 0.004157 
-1.320120 -1.253792 0.632632 -0.488389 -0.088259 -0.060448 -0.003909 -0.533184 
-0.218570 -0.003720 0.632632 2.145125 -0.088259 -0.060448 -0.555115 -0.533184 
0.791184 -0.003720 -0.094596 -0.630741 -0.088259 -0.060448 0.179826 -0.174957 
2.718896 0.861714 -0.700619 -0.630741 -0.088259 -0.060448 0.547297 -0.533184 
-1.320120 -0.869154 0.147813 -1.200149 -0.088259 -0.060448 -0.555115 0.004157 
0.056818 -0.676835 0.390223 0.935132 -0.088259 -0.060448 0.179826 -0.533184 
-1.595507 -1.734588 -0.579415 0.436900 -0.088259 -0.060448 -0.922586 -0.533184 
-0.861141 -2.119226 1.117451 -1.128973 -0.088259 -0.060448 -0.371380 1.437069 
1.892734 -0.869154 -0.094596 -0.773093 -0.088259 -0.060448 -0.371380 0.810170 
1.341959 -0.676835 0.147813 -0.630741 -0.088259 -0.060448 -0.371380 -0.533184 
0.424001 -1.061473 -0.337005 -0.915445 -0.088259 -0.060448 0.914768 -0.533184 
-1.411915 -0.003720 -0.215801 -0.630741 -0.088259 -0.060448 -0.555115 -0.533184 
-1.228324 -1.253792 0.875042 -0.417213 -0.088259 -0.060448 -0.738851 0.362385 
-1.320120 -2.600023 0.269018 -0.773093 11.319274 -0.060448 0.363561 1.974411 
-0.218570 -0.292198 0.147813 -0.630741 -0.088259 -0.060448 0.731032 -0.533184 
-1.779099 0.284758 0.511428 -0.488389 -0.088259 -0.060448 1.282238 -0.533184 
0.332205 0.284758 0.632632 0.152196 -0.088259 -0.060448 0.731032 -0.085400 
0.056818 0.765555 -0.215801 0.436900 -0.088259 -0.060448 -0.003909 -0.533184 
0.332205 -0.196039 -1.306643 2.785709 -0.088259 -0.060448 -0.187645 -0.533184 
-0.952936 -0.388357 0.026609 2.145125 -0.088259 -0.060448 -0.003909 0.899727 
0.515797 -0.292198 0.269018 -0.559565 -0.088259 -0.060448 -1.473792 -0.533184 
-0.218570 -2.023067 -0.094596 0.508076 -0.088259 -0.060448 0.547297 -0.174957 
-1.044732 -1.446110 -1.549052 -0.773093 -0.088259 -0.060448 0.914768 0.720613 
0.056818 0.188599 0.632632 -1.057797 -0.088259 -0.060448 -3.127411 -0.533184 
-1.136528 -0.099879 0.269018 -0.488389 -0.088259 -0.060448 -0.371380 -0.533184 
-0.218570 0.477077 0.026609 1.148660 -0.088259 -0.060448 0.363561 -0.533184 
-1.687303 -0.772995 -1.185438 1.575716 -0.088259 -0.060448 0.547297 0.183271 
-0.126774 -0.484517 -0.094596 -0.132509 -0.088259 -0.060448 -0.371380 0.272828 
1.250163 0.669396 0.026609 0.009843 -0.088259 -0.060448 0.363561 -0.533184 
0.240409 1.342511 0.147813 0.294548 -0.088259 -0.060448 1.098503 -0.533184 
0.148613 -0.292198 0.390223 1.006308 -0.088259 -0.060448 0.914768 -0.533184 
1.525551 0.477077 0.996246 -0.844269 -0.088259 -0.060448 0.547297 -0.533184 
0.882980 1.150192 0.390223 -0.630741 -0.088259 -0.060448 0.363561 -0.533184 
-0.861141 -1.638429 0.996246 -0.488389 -0.088259 -0.060448 -0.738851 -0.533184 
1.892734 0.477077 -0.821824 0.365724 -0.088259 -0.060448 0.179826 -0.533184 
-2.146282 -0.676835 -0.458210 -0.701917 -0.088259 -0.060448 0.179826 0.899727 
1.250163 -0.869154 0.269018 -0.844269 -0.088259 -0.060448 -1.290057 -0.174957 
-0.769345 -3.080820 0.996246 -1.271325 -0.088259 -0.060448 0.179826 -0.085400 
-1.320120 -1.926907 -0.094596 1.006308 -0.088259 -0.060448 -0.738851 2.959537 
0.332205 0.669396 0.632632 -0.559565 -0.088259 -0.060448 -0.003909 0.899727 
-0.769345 -0.388357 0.390223 -0.132509 -0.088259 -0.060448 0.179826 1.884854 
-0.402162 -0.003720 0.269018 -0.559565 -0.088259 -0.060448 -0.738851 -0.533184 
-0.034978 -0.484517 -0.337005 -0.701917 -0.088259 -0.060448 -0.738851 -0.085400 
0.424001 0.188599 0.026609 -0.417213 -0.088259 -0.060448 0.179826 -0.533184 
-1.320120 -1.926907 0.147813 -0.773093 -0.088259 -0.060448 0.179826 5.198461 
-1.044732 -0.003720 -0.094596 -0.915445 -0.088259 -0.060448 -0.187645 2.869980 
-0.218570 0.573236 -0.215801 0.223372 -0.088259 -0.060448 -0.187645 -0.264514 
0.699388 1.054033 0.269018 -0.773093 -0.088259 -0.060448 -0.187645 -0.533184 
-1.503711 -0.869154 0.511428 0.152196 -0.088259 -0.060448 -0.738851 0.272828 
-0.402162 -0.676835 0.026609 0.579252 -0.088259 -0.060448 -0.187645 0.004157 
1.525551 0.188599 0.269018 -1.128973 -0.088259 -0.060448 0.179826 -0.533184 
-0.585753 0.380918 0.632632 0.009843 -0.088259 -0.060448 -0.371380 0.362385 
0.148613 0.092439 0.026609 0.223372 -0.088259 -0.060448 0.363561 3.855107 
-0.585753 0.380918 0.026609 -0.274861 -0.088259 -0.060448 0.363561 1.437069 
0.332205 1.246352 -0.094596 -0.203685 -0.088259 -0.060448 0.363561 2.959537 
1.066571 -0.099879 0.026609 1.931597 -0.088259 -0.060448 0.547297 -0.174957 
-0.677549 1.150192 -0.094596 -0.701917 -0.088259 -0.060448 0.179826 -0.533184 
0.607592 0.477077 0.269018 -0.630741 -0.088259 -0.060448 0.179826 0.989284 
1.709142 0.669396 0.390223 -0.559565 -0.088259 -0.060448 -1.290057 -0.533184 
0.515797 -0.196039 0.390223 0.792780 -0.088259 -0.060448 0.179826 0.183271 
-0.585753 -0.676835 -0.943029 2.501005 -0.088259 -0.060448 0.547297 -0.533184 
0.974776 -1.638429 1.117451 -0.986621 -0.088259 -0.060448 -0.555115 0.451942 
0.148613 1.823308 -0.094596 0.152196 -0.088259 -0.060448 -1.290057 -0.533184 
-0.310366 -0.292198 0.269018 -0.488389 -0.088259 -0.060448 -1.657528 0.004157 
0.882980 0.669396 0.147813 -0.701917 -0.088259 -0.060448 -0.187645 0.989284 
-0.218570 1.727149 -1.427848 -1.057797 -0.088259 -0.060448 0.731032 -0.533184 
-1.136528 -0.580676 0.632632 0.152196 -0.088259 -0.060448 -0.555115 -0.533184 
0.882980 0.284758 0.875042 -0.274861 -0.088259 -0.060448 0.179826 -0.533184 
-0.034978 -0.099879 0.390223 -0.488389 -0.088259 -0.060448 0.179826 0.451942 
-1.228324 0.957874 -0.094596 0.009843 -0.088259 -0.060448 0.179826 -0.533184 
-0.677549 1.727149 -2.033871 -0.346037 -0.088259 -0.060448 0.363561 -0.174957 
-0.493957 -2.600023 0.996246 0.294548 -0.088259 -0.060448 -0.555115 -0.085400 
1.158367 -0.003720 -0.579415 0.436900 -0.088259 -0.060448 -1.841263 0.451942 
1.525551 -0.388357 0.026609 0.650428 -0.088259 -0.060448 0.547297 -0.533184 
-1.136528 -0.772995 -0.821824 -0.061333 -0.088259 -0.060448 0.547297 2.601309 
0.699388 -0.965314 1.602270 1.148660 -0.088259 -0.060448 -0.555115 -0.533184 
-0.218570 -0.484517 -0.094596 -0.061333 -0.088259 -0.060448 -0.555115 -0.533184 
-0.034978 0.477077 -0.337005 1.789245 -0.088259 -0.060448 0.731032 -0.533184 
-0.218570 0.380918 -0.094596 -0.986621 -0.088259 -0.060448 1.833444 -0.533184 
0.791184 0.284758 -2.276281 1.646893 -0.088259 -0.060448 -0.371380 -0.533184 
-0.952936 0.957874 -0.094596 -0.274861 -0.088259 -0.060448 -0.555115 -0.533184 
-0.034978 -0.292198 0.026609 0.508076 -0.088259 -0.060448 -0.738851 -0.174957 
0.240409 -1.157632 1.602270 0.792780 -0.088259 -0.060448 -2.392469 0.451942 
-0.402162 -0.388357 1.602270 -0.488389 -0.088259 -0.060448 -2.208734 0.451942 
-0.861141 -0.772995 0.996246 -0.061333 -0.088259 -0.060448 -1.106321 -0.533184 
-0.769345 -0.869154 0.996246 -0.061333 -0.088259 -0.060448 -0.922586 -0.533184 
0.607592 0.669396 0.632632 -0.844269 -0.088259 -0.060448 -0.003909 -0.264514 
1.250163 -0.965314 0.753837 0.721604 -0.088259 -0.060448 -1.106321 -0.622741 
-0.402162 -1.446110 0.390223 0.792780 -0.088259 -0.060448 -2.208734 -1.070526 
-0.402162 -1.446110 0.390223 0.792780 -0.088259 -0.060448 -2.208734 -1.070526 
0.332205 -0.869154 0.875042 -0.488389 -0.088259 -0.060448 -0.555115 -0.533184 
2.259917 0.284758 0.147813 -1.271325 -0.088259 -0.060448 0.731032 -0.533184 
-1.136528 -0.676835 0.269018 0.081020 -0.088259 -0.060448 -0.555115 0.093714 
0.882980 -1.061473 -0.943029 0.081020 -0.088259 -0.060448 0.547297 0.004157 
0.882980 0.092439 1.238656 0.009843 -0.088259 -0.060448 0.363561 -0.533184 
0.056818 -0.292198 1.481065 -0.488389 -0.088259 -0.060448 1.465974 -0.533184 
-1.228324 -0.003720 -0.458210 -0.488389 -0.088259 -0.060448 -0.003909 0.183271 
0.607592 0.861714 0.511428 -0.559565 -0.088259 -0.060448 -0.003909 -0.533184 
-0.861141 -0.388357 0.511428 1.291012 -0.088259 -0.060448 -0.555115 2.063968 
-0.677549 -1.734588 0.753837 -0.915445 -0.088259 -0.060448 -0.738851 -0.533184 
-1.870895 -1.638429 0.511428 -0.915445 -0.088259 -0.060448 -0.003909 -0.533184 
0.424001 -0.196039 0.632632 -0.061333 -0.088259 -0.060448 0.363561 -0.533184 
-0.310366 0.188599 0.511428 -0.132509 -0.088259 -0.060448 -0.371380 -0.533184 
-1.228324 -0.099879 -0.337005 0.436900 -0.088259 -0.060448 -1.473792 -0.533184 
0.240409 0.765555 1.481065 -0.061333 -0.088259 -0.060448 -1.473792 -0.533184 
-0.126774 0.477077 -0.458210 0.792780 -0.088259 -0.060448 0.179826 0.720613 
-1.503711 1.150192 1.723475 -0.559565 -0.088259 -0.060448 -0.738851 -0.533184 
0.882980 -0.580676 1.481065 -0.274861 -0.088259 -0.060448 3.303327 0.362385 
-0.952936 -0.292198 0.269018 -0.844269 -0.088259 -0.060448 -0.187645 -0.533184 
-1.687303 -0.772995 -0.094596 -0.701917 -0.088259 -0.060448 0.179826 0.541499 
-0.952936 -1.734588 0.026609 -0.773093 -0.088259 -0.060448 1.465974 -0.174957 
-1.136528 -1.446110 -0.337005 1.148660 -0.088259 -0.060448 -0.555115 1.347512 
-0.126774 -1.253792 2.208293 -0.559565 -0.088259 -0.060448 -3.678617 -0.264514 
-0.126774 -1.253792 2.208293 -0.559565 -0.088259 -0.060448 -3.678617 -0.264514 
1.066571 0.284758 -0.337005 -0.986621 -0.088259 -0.060448 0.731032 0.272828 
1.066571 0.284758 -0.337005 -0.986621 -0.088259 -0.060448 0.731032 0.272828 
1.250163 -0.003720 0.632632 -0.488389 -0.088259 -0.060448 0.547297 0.272828 
1.250163 -0.003720 0.632632 -0.488389 -0.088259 -0.060448 0.547297 0.272828 
-0.310366 0.765555 0.147813 -0.559565 -0.088259 -0.060448 -0.003909 -1.518311 
-1.044732 0.765555 0.147813 -0.559565 -0.088259 -0.060448 -0.922586 -1.070526 
-0.952936 -0.388357 1.602270 1.575716 -0.088259 -0.060448 -2.576204 -0.085400 
2.259917 -1.061473 1.481065 0.863956 -0.088259 -0.060448 -1.841263 -1.249640 
-0.310366 -1.157632 1.602270 1.362188 -0.088259 -0.060448 0.547297 -1.518311 
0.974776 -0.292198 0.511428 0.081020 -0.088259 -0.060448 -0.371380 -1.518311 
1.433755 1.534830 -0.700619 0.009843 -0.088259 -0.060448 -1.290057 -0.533184 
1.433755 1.534830 -0.700619 0.009843 -0.088259 -0.060448 -1.290057 -0.533184 
0.974776 -0.388357 -0.094596 0.009843 -0.088259 -0.060448 0.363561 -0.533184 
-0.861141 -0.484517 0.269018 -0.274861 -0.088259 -0.060448 -0.371380 -1.518311 
-0.677549 -0.292198 1.238656 0.223372 -0.088259 -0.060448 -1.106321 -0.533184 
-0.677549 -0.292198 1.238656 0.223372 -0.088259 -0.060448 -1.106321 -0.533184 
-0.402162 -2.503863 3.420341 3.782174 -0.088259 -0.060448 -5.148500 -2.503438 
-1.136528 -2.600023 5.965639 3.853350 -0.088259 -0.060448 -6.802118 -2.413881 
0.791184 -1.253792 -0.458210 1.077484 -0.088259 -0.060448 -0.003909 -0.533184 
0.607592 -0.388357 0.511428 1.575716 -0.088259 -0.060448 -0.555115 -0.533184 
0.056818 -0.196039 0.875042 -0.701917 -0.088259 -0.060448 -0.922586 -0.533184 
0.056818 0.669396 -0.337005 -1.128973 -0.088259 -0.060448 0.914768 -0.533184 
1.984530 0.573236 0.511428 -0.203685 -0.088259 -0.060448 4.222004 -0.533184 
2.351713 1.150192 -0.458210 -0.417213 -0.088259 -0.060448 4.038269 -0.533184 
2.810692 3.265699 0.632632 -0.346037 -0.088259 -0.060448 3.487063 -0.533184 
-0.493957 0.092439 -0.215801 0.721604 -0.088259 -0.060448 1.282238 -0.174957 
-0.310366 1.342511 0.269018 0.081020 -0.088259 -0.060448 -0.187645 -0.533184 
0.791184 1.246352 0.147813 -0.488389 -0.088259 -0.060448 0.363561 0.362385 
0.424001 -0.484517 1.238656 -0.274861 -0.088259 -0.060448 -0.922586 -0.533184 
0.424001 -0.484517 1.238656 -0.274861 -0.088259 -0.060448 -0.922586 -0.533184 
-1.411915 -0.388357 0.390223 -0.346037 -0.088259 -0.060448 -1.841263 -0.801855 
-1.411915 -0.388357 0.390223 -0.346037 -0.088259 -0.060448 -1.841263 -0.801855 
0.056818 -0.676835 0.147813 0.508076 -0.088259 -0.060448 0.179826 -0.174957 
-0.126774 -0.869154 0.390223 -0.274861 -0.088259 -0.060448 -0.371380 -0.264514 
-0.126774 -0.869154 0.390223 -0.274861 -0.088259 -0.060448 -0.371380 -0.264514 
-0.493957 0.188599 1.602270 -0.915445 -0.088259 -0.060448 -0.187645 -0.533184 
-0.126774 0.573236 0.996246 1.077484 -0.088259 -0.060448 0.547297 -0.622741 
-0.126774 0.573236 0.996246 1.077484 -0.088259 -0.060448 0.547297 -0.622741 
-0.769345 1.630989 0.753837 -0.488389 -0.088259 -0.060448 -1.106321 -0.264514 
-0.769345 1.630989 0.753837 -0.488389 -0.088259 -0.060448 -1.290057 -0.264514 
-0.861141 0.188599 0.147813 1.291012 -0.088259 -0.060448 0.731032 -1.518311 
-0.861141 0.188599 0.147813 1.291012 -0.088259 -0.060448 0.731032 -1.518311 
0.332205 0.380918 0.875042 -0.630741 -0.088259 -0.060448 -0.555115 0.004157 
0.882980 -0.003720 0.390223 -0.274861 -0.088259 -0.060448 -0.003909 -1.518311 
0.240409 0.188599 1.359861 -0.203685 -0.088259 -0.060448 -2.759940 -1.518311 
-0.585753 0.092439 1.723475 0.152196 -0.088259 -0.060448 1.649709 2.601309 
0.515797 0.861714 1.117451 0.721604 -0.088259 -0.060448 -0.003909 -0.533184 
0.515797 0.861714 1.117451 0.721604 -0.088259 -0.060448 -0.003909 -0.533184 
-0.952936 -1.734588 1.359861 1.219836 -0.088259 -0.060448 -1.106321 0.989284 
1.158367 0.861714 0.147813 -0.844269 -0.088259 -0.060448 -0.738851 1.795297 
-0.493957 -0.965314 0.147813 0.223372 -0.088259 -0.060448 -1.473792 -0.533184 
-0.585753 -0.196039 0.875042 -1.271325 -0.088259 -0.060448 0.179826 0.004157 
0.882980 0.188599 -1.306643 -1.271325 -0.088259 -0.060448 -0.555115 -0.533184 
0.332205 -0.772995 -0.094596 0.152196 -0.088259 -0.060448 -0.371380 -0.085400 
-1.228324 -2.215385 0.511428 0.152196 -0.088259 -0.060448 0.179826 1.884854 
1.066571 0.573236 0.269018 -0.844269 -0.088259 -0.060448 -0.371380 -0.533184 
0.240409 -0.003720 -0.337005 -0.203685 -0.088259 -0.060448 0.547297 3.586436 
-0.769345 4.996567 -1.549052 1.077484 -0.088259 -0.060448 -0.003909 -0.085400 
0.791184 -0.580676 0.147813 -0.844269 -0.088259 -0.060448 0.179826 -0.533184 
-0.769345 -0.196039 -2.155076 -0.559565 -0.088259 -0.060448 0.547297 -0.533184 
0.424001 0.573236 -0.458210 1.646893 -0.088259 -0.060448 0.731032 -0.533184 
-0.126774 0.092439 0.511428 -0.559565 -0.088259 -0.060448 1.098503 -0.533184 
0.791184 1.630989 -0.215801 2.145125 -0.088259 -0.060448 -0.187645 -0.533184 
0.515797 0.284758 0.511428 2.216301 -0.088259 -0.060448 -0.738851 -0.533184 
-0.034978 0.957874 -0.458210 1.860421 -0.088259 -0.060448 0.731032 -0.533184 
-0.126774 -0.580676 0.026609 -0.701917 -0.088259 -0.060448 1.098503 -0.533184 
1.158367 0.284758 -0.215801 -0.559565 -0.088259 -0.060448 0.547297 0.899727 
0.148613 -0.965314 0.632632 -1.200149 -0.088259 -0.060448 -0.738851 -0.533184 
-0.861141 -0.772995 0.269018 -0.986621 -0.088259 -0.060448 0.914768 -0.533184 
0.699388 0.669396 0.147813 -0.915445 -0.088259 -0.060448 0.547297 -0.264514 
-1.228324 -0.196039 0.147813 -0.488389 -0.088259 -0.060448 0.547297 -0.174957 
0.974776 0.765555 -0.579415 -0.844269 -0.088259 -0.060448 0.179826 -0.533184 
-0.585753 0.092439 -0.458210 -1.200149 -0.088259 -0.060448 -0.187645 -0.533184 
-0.310366 0.284758 0.269018 0.294548 -0.088259 -0.060448 0.547297 -0.533184 
0.332205 0.284758 -2.276281 0.081020 -0.088259 -0.060448 0.731032 -0.533184 
-0.126774 -0.965314 0.026609 -0.417213 -0.088259 -0.060448 0.179826 -0.533184 
0.607592 -0.388357 -1.912667 -0.488389 -0.088259 -0.060448 0.179826 -0.085400 
1.617346 1.727149 -1.670257 -0.986621 -0.088259 -0.060448 0.363561 -0.085400 
1.066571 0.669396 0.753837 -0.559565 -0.088259 -0.060448 0.179826 -0.533184 
-0.769345 -1.734588 1.481065 -0.417213 -0.088259 -0.060448 -1.290057 1.705740 
-0.034978 0.380918 0.390223 -0.061333 -0.088259 -0.060448 0.731032 0.093714 
0.424001 0.669396 -1.427848 -1.200149 11.319274 -0.060448 0.914768 -0.264514 
-0.493957 -1.926907 -2.155076 -0.203685 -0.088259 -0.060448 -2.024998 -0.174957 
-0.034978 -1.061473 -0.579415 0.152196 -0.088259 -0.060448 0.363561 6.362702 
-1.595507 -1.446110 0.511428 -0.986621 -0.088259 -0.060448 0.547297 0.899727 
0.148613 0.092439 0.147813 -0.559565 -0.088259 -0.060448 0.179826 -0.264514 
0.607592 1.054033 0.753837 0.579252 -0.088259 -0.060448 -0.187645 -0.533184 
-0.034978 0.765555 0.269018 1.291012 -0.088259 -0.060448 0.547297 -0.533184 
-0.493957 -0.484517 1.965884 3.141589 -0.088259 -0.060448 -1.473792 -0.264514 
-0.034978 -0.388357 0.269018 -0.559565 -0.088259 -0.060448 -0.555115 0.093714 
-0.677549 0.092439 0.269018 -0.203685 -0.088259 -0.060448 -1.106321 -0.174957 
-0.218570 1.630989 0.026609 -0.630741 -0.088259 -0.060448 -0.187645 -0.533184 
-0.493957 -0.580676 0.511428 0.365724 -0.088259 -0.060448 -1.290057 -0.533184 
-0.218570 -0.676835 0.269018 1.646893 -0.088259 -0.060448 -0.187645 0.272828 
-0.493957 -1.926907 -0.215801 -0.274861 -0.088259 -0.060448 0.914768 0.541499 
-0.034978 0.188599 -0.458210 -0.274861 -0.088259 -0.060448 0.547297 1.526626 
-1.320120 -0.580676 0.511428 -0.203685 -0.088259 -0.060448 0.363561 1.347512 
0.791184 0.669396 0.753837 -0.773093 -0.088259 -0.060448 0.731032 -0.264514 
-0.952936 -0.099879 -0.215801 -0.986621 -0.088259 -0.060448 -0.555115 0.272828 
-1.411915 1.150192 -0.337005 -0.915445 -0.088259 -0.060448 0.547297 -0.533184 
-0.861141 -0.580676 -2.397485 0.650428 -0.088259 -0.060448 0.363561 -0.533184 
-0.034978 0.669396 0.753837 -0.630741 -0.088259 -0.060448 0.363561 3.407322 
-0.952936 0.669396 0.147813 -0.915445 -0.088259 -0.060448 -1.473792 4.661119 
1.525551 -1.638429 0.269018 -0.773093 -0.088259 -0.060448 0.547297 0.272828 
-0.677549 -0.484517 -1.791462 0.508076 -0.088259 -0.060448 0.179826 -0.533184 
-0.034978 0.765555 0.026609 -0.417213 -0.088259 -0.060448 0.363561 2.780423 
-0.677549 2.592583 -0.821824 -0.986621 -0.088259 -0.060448 -0.187645 -0.533184 
0.056818 0.669396 0.875042 -0.559565 -0.088259 -0.060448 -2.208734 3.675993 
0.882980 0.284758 -2.033871 -0.915445 -0.088259 -0.060448 0.547297 -0.085400 
0.607592 0.188599 0.026609 0.009843 -0.088259 -0.060448 0.363561 -0.533184 
-1.870895 -0.676835 -3.245918 -0.417213 -0.088259 -0.060448 -0.187645 -0.533184 
-2.054486 -1.253792 -3.488328 -0.559565 -0.088259 -0.060448 -0.738851 -0.533184 
-0.769345 -0.292198 0.026609 0.223372 -0.088259 -0.060448 0.731032 -0.533184 
-0.402162 -0.099879 -0.458210 -0.559565 -0.088259 -0.060448 -0.555115 -0.533184 
1.709142 -0.484517 0.753837 2.429829 -0.088259 -0.060448 -5.699706 0.451942 
0.699388 -0.772995 1.359861 -0.274861 -0.088259 -0.060448 -2.392469 0.004157 
-1.320120 -0.196039 1.117451 -0.559565 -0.088259 -0.060448 0.179826 -0.174957 
0.332205 0.188599 0.390223 -1.057797 -0.088259 -0.060448 1.833444 -0.533184 
-0.218570 0.861714 -1.549052 0.152196 -0.088259 -0.060448 0.547297 0.272828 
0.699388 0.861714 0.026609 -1.342501 -0.088259 -0.060448 0.914768 -0.533184 
0.607592 -0.099879 0.875042 1.006308 -0.088259 -0.060448 -0.738851 -0.085400 
-1.044732 -1.542270 0.511428 0.081020 -0.088259 -0.060448 -0.555115 1.347512 
-0.126774 -0.676835 -0.700619 -0.203685 -0.088259 -0.060448 -0.371380 -0.533184 
-0.677549 -0.869154 1.117451 -0.203685 -0.088259 -0.060448 0.363561 0.272828 
0.424001 -0.099879 0.875042 -0.559565 -0.088259 -0.060448 -2.943675 -1.518311 
0.424001 -0.099879 0.875042 -0.559565 -0.088259 -0.060448 -2.943675 -1.518311 
0.240409 -0.292198 0.026609 -0.488389 -0.088259 -0.060448 0.547297 -0.264514 
0.882980 0.669396 0.026609 -0.559565 -0.088259 -0.060448 0.179826 1.347512 
-0.310366 -0.484517 -0.579415 0.152196 -0.088259 -0.060448 -0.922586 0.093714 
-0.126774 0.188599 -0.094596 0.152196 -0.088259 -0.060448 -0.003909 0.810170 
-0.861141 0.957874 -0.579415 -0.346037 -0.088259 -0.060448 0.363561 -0.533184 
-1.870895 -0.196039 0.147813 -0.630741 -0.088259 -0.060448 -0.187645 1.437069 
0.424001 -0.292198 -0.700619 -0.915445 -0.088259 -0.060448 -0.371380 -0.533184 
-0.952936 -1.830748 -0.700619 -0.773093 -0.088259 -0.060448 -0.187645 -0.533184 
-0.310366 1.054033 0.390223 -0.559565 -0.088259 -0.060448 -0.187645 -0.533184 
0.056818 1.630989 -1.791462 -0.132509 -0.088259 -0.060448 0.731032 0.272828 
1.066571 0.092439 -0.700619 -0.274861 -0.088259 -0.060448 -0.922586 0.272828 
2.351713 0.380918 0.996246 -0.061333 -0.088259 -0.060448 0.179826 -0.533184 
0.240409 -0.484517 -0.094596 -0.630741 -0.088259 -0.060448 -0.738851 1.705740 
0.148613 1.150192 0.390223 0.650428 -0.088259 -0.060448 0.547297 1.616183 
0.424001 -1.638429 0.632632 -0.701917 -0.088259 -0.060448 0.914768 -0.533184 
0.148613 1.150192 -1.064234 -0.559565 -0.088259 -0.060448 1.465974 0.004157 
0.699388 -0.099879 0.269018 -0.417213 -0.088259 -0.060448 -1.841263 -0.533184 
-0.034978 -1.542270 0.026609 -0.132509 -0.088259 -0.060448 0.731032 -0.085400 
0.515797 -2.215385 0.996246 0.081020 -0.088259 -0.060448 -0.922586 -0.174957 
-1.503711 0.188599 0.390223 0.436900 -0.088259 -0.060448 0.547297 0.272828 
-2.054486 -1.446110 -0.337005 -0.559565 -0.088259 -0.060448 -1.473792 0.451942 
0.699388 -0.196039 -0.458210 -0.773093 -0.088259 -0.060448 -0.555115 -0.533184 
1.250163 0.188599 1.238656 -0.346037 -0.088259 -0.060448 0.914768 2.332638 
0.240409 0.380918 0.026609 -0.274861 -0.088259 -0.060448 -0.738851 0.810170 
0.791184 0.380918 -0.579415 -0.630741 -0.088259 -0.060448 -0.187645 4.034221 
0.332205 -0.003720 0.026609 -0.488389 -0.088259 -0.060448 0.179826 -0.085400 
1.158367 -0.196039 0.026609 -1.128973 -0.088259 -0.060448 -0.371380 0.272828 
-0.310366 -0.869154 1.481065 -1.057797 -0.088259 -0.060448 -0.187645 -0.174957 
0.332205 0.188599 -0.215801 1.362188 -0.088259 -0.060448 -0.371380 -0.533184 
-2.605261 1.727149 1.117451 -0.844269 -0.088259 -0.060448 -5.515970 -0.264514 
-0.585753 -0.580676 -3.367123 -0.701917 -0.088259 -0.060448 -1.841263 -0.533184 
-2.054486 -0.580676 -3.609532 -0.844269 -0.088259 -0.060448 -1.657528 -0.533184 
0.148613 -1.638429 -0.943029 -0.132509 -0.088259 -0.060448 0.731032 -0.533184 
-0.126774 -0.676835 -0.943029 -0.559565 -0.088259 -0.060448 0.731032 -0.533184 
-0.861141 0.284758 0.632632 -0.346037 -0.088259 -0.060448 -0.371380 0.272828 
-1.411915 -1.157632 -2.761099 0.863956 -0.088259 -0.060448 -0.003909 1.078841 
-0.677549 1.630989 -1.549052 -0.630741 -0.088259 -0.060448 1.282238 -0.533184 
-1.044732 -1.061473 1.481065 -0.061333 -0.088259 -0.060448 -3.678617 -0.533184 
0.148613 0.669396 -1.185438 -0.488389 -0.088259 -0.060448 -0.371380 0.272828 
-1.595507 -0.292198 0.511428 -0.488389 -0.088259 -0.060448 0.547297 1.078841 
-0.310366 -0.772995 0.269018 -0.488389 -0.088259 -0.060448 -0.371380 -0.085400 
-0.218570 0.861714 0.147813 -0.346037 -0.088259 -0.060448 0.731032 0.899727 
-0.126774 1.246352 -1.549052 0.650428 -0.088259 -0.060448 -0.187645 -0.533184 
0.699388 -0.676835 1.965884 2.501005 -0.088259 -0.060448 -0.187645 -1.249640 
-1.779099 -2.888501 2.571908 0.009843 -0.088259 -0.060448 -0.187645 -0.264514 
-1.320120 -1.061473 -0.215801 -0.274861 -0.088259 -0.060448 0.914768 -0.533184 
0.974776 -1.061473 0.875042 -0.701917 -0.088259 -0.060448 0.179826 -0.533184 
-0.769345 -0.869154 1.723475 -0.701917 -0.088259 -0.060448 -0.922586 -0.533184 
0.332205 1.054033 0.511428 -0.346037 -0.088259 -0.060448 0.363561 -0.533184 
-0.585753 -1.253792 1.117451 -0.274861 -0.088259 -0.060448 1.098503 4.571562 
-0.402162 -1.926907 -1.185438 0.436900 -0.088259 -0.060448 0.363561 -0.533184 
-0.585753 0.092439 0.511428 -0.915445 -0.088259 -0.060448 0.914768 -0.533184 
-2.238078 -1.830748 -0.579415 -1.840734 -0.088259 -0.060448 -1.290057 0.272828 
-0.861141 -1.349951 0.511428 1.291012 -0.088259 -0.060448 -0.371380 -0.174957 
1.250163 0.573236 0.390223 0.863956 -0.088259 -0.060448 0.731032 0.093714 
0.056818 -2.984660 -1.670257 0.508076 -0.088259 -0.060448 -1.106321 0.720613 
-0.034978 -0.099879 -0.094596 -0.488389 -0.088259 -0.060448 0.179826 -0.174957 
0.699388 -0.965314 0.147813 -0.701917 -0.088259 -0.060448 -0.187645 3.228208 
-0.585753 -0.869154 1.238656 -0.630741 -0.088259 -0.060448 -0.003909 2.959537 
-0.585753 0.765555 0.269018 -0.701917 -0.088259 -0.060448 0.914768 -0.174957 
-1.503711 0.284758 -1.549052 -0.559565 -0.088259 -0.060448 -0.738851 0.272828 
1.433755 1.534830 -0.215801 -0.417213 -0.088259 -0.060448 0.363561 -0.264514 
-1.503711 -0.772995 -2.397485 -0.630741 -0.088259 -0.060448 0.363561 -0.533184 
0.056818 -0.388357 -0.579415 0.792780 -0.088259 -0.060448 -0.738851 0.720613 
0.240409 0.092439 -0.579415 -0.274861 -0.088259 -0.060448 0.547297 -0.264514 
1.341959 -0.580676 -0.458210 -0.701917 -0.088259 -0.060448 0.363561 -0.533184 
0.240409 -0.292198 0.147813 -0.559565 -0.088259 -0.060448 0.363561 -0.533184 
1.066571 0.284758 -0.458210 -0.346037 -0.088259 -0.060448 -0.555115 -0.533184 
-0.769345 -0.099879 -0.215801 -0.417213 -0.088259 -0.060448 0.547297 -0.174957 
0.148613 -0.003720 0.147813 -0.132509 -0.088259 -0.060448 -0.003909 -0.533184 
1.066571 -0.003720 -0.215801 1.148660 -0.088259 -0.060448 0.363561 -0.533184 
0.882980 -1.253792 -0.094596 1.219836 -0.088259 -0.060448 0.547297 -0.533184 
1.250163 0.380918 -0.094596 1.291012 -0.088259 -0.060448 0.547297 -0.533184 
0.148613 0.284758 0.147813 -0.915445 -0.088259 -0.060448 0.179826 0.451942 
1.433755 -0.484517 -0.337005 -1.057797 -0.088259 -0.060448 0.179826 -0.533184 
1.433755 -0.484517 -0.337005 -1.057797 -0.088259 -0.060448 0.179826 -0.533184 
0.424001 -0.292198 0.269018 0.579252 -0.088259 -0.060448 0.363561 1.437069 
0.607592 -0.003720 0.511428 0.508076 -0.088259 -0.060448 0.914768 1.078841 
0.699388 2.977220 -0.700619 -0.061333 -0.088259 -0.060448 0.179826 -0.533184 
0.974776 0.284758 1.481065 -0.417213 -0.088259 -0.060448 -0.003909 1.257955 
1.433755 0.957874 0.753837 -1.128973 -0.088259 -0.060448 0.363561 0.451942 
0.607592 1.823308 0.632632 -0.773093 -0.088259 -0.060448 1.282238 0.451942 
-0.585753 1.054033 1.723475 -0.844269 -0.088259 -0.060448 -0.187645 0.451942 
-0.034978 -0.965314 -0.094596 -0.773093 -0.088259 -0.060448 -0.187645 1.705740 
-0.493957 0.188599 0.996246 -0.630741 -0.088259 -0.060448 0.179826 -0.533184 
0.607592 0.669396 0.511428 1.006308 -0.088259 -0.060448 0.547297 -0.533184 
-0.861141 -0.580676 -0.094596 -0.488389 -0.088259 -0.060448 -1.106321 -0.533184 
-1.320120 -1.157632 1.359861 0.009843 -0.088259 -0.060448 0.914768 -0.533184 
-0.861141 -0.580676 -0.094596 -0.488389 -0.088259 -0.060448 -1.106321 -0.533184 
-0.034978 0.765555 0.875042 -0.488389 -0.088259 -0.060448 -1.106321 3.228208 
-1.411915 -1.542270 0.147813 -0.559565 -0.088259 -0.060448 -0.371380 0.541499 
-1.779099 -2.023067 -0.094596 -0.844269 -0.088259 -0.060448 -0.003909 0.004157 
-0.310366 0.573236 0.026609 -0.701917 -0.088259 -0.060448 1.465974 -0.533184 
-0.310366 0.669396 0.026609 -0.701917 -0.088259 -0.060448 1.833444 -0.533184 
-0.677549 0.765555 0.269018 -0.773093 -0.088259 -0.060448 -0.187645 -0.533184 
0.974776 0.669396 0.026609 -0.915445 -0.088259 -0.060448 0.363561 -0.533184 
0.699388 2.015627 0.026609 -0.986621 -0.088259 -0.060448 0.179826 -0.533184 
-0.034978 -0.196039 0.269018 -0.986621 -0.088259 -0.060448 0.179826 -0.264514 
0.882980 -1.830748 1.481065 -0.274861 -0.088259 -0.060448 -0.187645 -0.085400 
0.424001 0.092439 0.996246 -0.346037 -0.088259 -0.060448 -0.555115 -0.533184 
0.515797 0.284758 0.390223 -0.346037 -0.088259 -0.060448 -0.922586 -0.533184 
-0.310366 0.092439 -0.215801 0.081020 -0.088259 -0.060448 0.363561 -0.533184 
-2.054486 -2.119226 0.269018 -0.630741 -0.088259 -0.060448 -0.922586 -0.533184 
0.148613 -0.196039 0.390223 -0.559565 -0.088259 -0.060448 -2.759940 -0.533184 
-0.493957 -1.061473 0.390223 -0.630741 -0.088259 -0.060448 0.179826 -0.533184 
-0.493957 -0.292198 2.935522 -0.346037 -0.088259 -0.060448 -0.371380 -0.533184 
-0.769345 -0.292198 2.935522 -0.630741 -0.088259 -0.060448 0.179826 -0.533184 
1.433755 0.573236 0.269018 0.081020 -0.088259 -0.060448 -0.187645 -0.533184 
0.607592 -0.484517 -0.337005 0.081020 -0.088259 -0.060448 -1.106321 1.168398 
-0.677549 -0.388357 -0.094596 -0.915445 -0.088259 -0.060448 0.363561 0.989284 
0.699388 -0.869154 -1.427848 1.504540 -0.088259 -0.060448 -0.003909 4.929790 
0.515797 -0.292198 0.147813 0.223372 -0.088259 -0.060448 0.914768 0.899727 
1.341959 1.150192 0.390223 -0.274861 -0.088259 -0.060448 0.731032 -0.085400 
-1.320120 -0.196039 0.269018 -0.986621 -0.088259 -0.060448 -0.003909 -0.085400 
0.882980 -1.157632 0.026609 -0.061333 -0.088259 -0.060448 0.731032 -0.264514 
-0.218570 2.688742 0.026609 -0.061333 -0.088259 -0.060448 1.649709 -0.533184 
0.056818 -0.388357 0.026609 -0.132509 -0.088259 -0.060448 -0.187645 -0.533184 
1.066571 1.534830 -0.821824 0.009843 -0.088259 -0.060448 -0.003909 -0.533184 
2.902488 0.765555 0.269018 -0.488389 -0.088259 -0.060448 -0.555115 0.631056 
0.424001 0.188599 1.117451 -0.417213 -0.088259 -0.060448 0.363561 -0.533184 
1.066571 -0.196039 0.753837 -0.630741 -0.088259 -0.060448 0.363561 -0.533184 
0.515797 -0.580676 0.269018 -0.488389 -0.088259 -0.060448 -0.555115 -0.533184 
1.066571 -0.196039 0.511428 -0.630741 -0.088259 -0.060448 0.363561 -0.264514 
1.250163 2.400264 -0.094596 2.287477 -0.088259 -0.060448 -0.003909 -0.533184 
-1.044732 0.380918 1.238656 0.508076 -0.088259 -0.060448 0.363561 0.810170 
1.709142 0.573236 0.269018 -0.630741 -0.088259 -0.060448 0.731032 -0.533184 
0.424001 0.284758 -0.337005 -0.986621 -0.088259 -0.060448 0.731032 0.272828 
0.791184 -0.196039 0.026609 -0.061333 -0.088259 -0.060448 0.731032 -0.533184 
-0.034978 -0.196039 -0.215801 0.081020 -0.088259 -0.060448 1.649709 -0.533184 
0.240409 -0.196039 -0.215801 0.081020 -0.088259 -0.060448 1.833444 -0.533184 
-0.402162 -0.003720 -1.791462 0.009843 -0.088259 -0.060448 0.363561 -0.533184 
0.240409 -0.388357 0.753837 0.152196 -0.088259 -0.060448 1.282238 -0.533184 
1.066571 2.111786 -0.579415 -0.488389 -0.088259 -0.060448 0.731032 1.437069 
-2.605261 -0.676835 0.511428 -0.915445 -0.088259 -0.060448 0.363561 -0.264514 
-1.870895 -0.484517 -0.094596 -0.915445 -0.088259 -0.060448 0.731032 0.272828 
0.148613 -1.157632 -0.458210 0.152196 -0.088259 -0.060448 1.098503 2.332638 
-0.493957 0.284758 -2.155076 -0.701917 -0.088259 -0.060448 0.731032 -0.533184 
-1.228324 -0.580676 -0.337005 -0.488389 -0.088259 -0.060448 -0.738851 0.272828 
1.158367 0.861714 1.481065 -0.274861 -0.088259 -0.060448 -0.003909 1.884854 
0.515797 -0.388357 0.390223 1.860421 -0.088259 -0.060448 -0.187645 0.899727 
0.791184 0.092439 -0.458210 -0.915445 -0.088259 -0.060448 0.363561 -0.533184 
-0.034978 1.054033 0.632632 -1.200149 -0.088259 -0.060448 -0.003909 -0.533184 
-0.677549 -1.926907 0.875042 1.291012 -0.088259 -0.060448 -1.657528 -0.533184 
0.607592 -1.253792 0.511428 -0.488389 -0.088259 -0.060448 -3.678617 -0.533184 
0.240409 -0.099879 -0.700619 -0.844269 -0.088259 -0.060448 0.547297 0.362385 
0.699388 0.092439 1.117451 -0.559565 -0.088259 -0.060448 0.179826 -0.533184 
0.332205 0.092439 -0.337005 2.073949 -0.088259 -0.060448 0.363561 2.690866 
0.240409 0.669396 0.147813 -0.701917 -0.088259 -0.060448 0.179826 0.272828 
1.617346 1.438671 -0.458210 -0.274861 -0.088259 -0.060448 0.363561 -0.085400 
-0.585753 -0.003720 0.026609 -0.417213 -0.088259 -0.060448 0.179826 -0.533184 
-2.054486 -0.772995 0.390223 -0.701917 -0.088259 -0.060448 -1.290057 -0.533184 
1.433755 0.765555 0.147813 -0.346037 -0.088259 -0.060448 -0.003909 -0.533184 
0.791184 1.919467 -1.064234 0.721604 -0.088259 -0.060448 -0.187645 -0.533184 
-0.126774 0.380918 0.026609 -0.915445 -0.088259 -0.060448 -0.555115 -0.533184 
0.240409 -0.772995 0.753837 -0.630741 -0.088259 -0.060448 1.649709 -0.533184 
1.525551 0.765555 0.147813 -0.630741 -0.088259 -0.060448 0.731032 1.705740 
0.332205 -0.869154 0.632632 2.073949 -0.088259 -0.060448 -0.738851 3.228208 
0.148613 0.477077 -1.791462 -0.773093 -0.088259 -0.060448 0.363561 -0.085400 
-0.769345 1.438671 -1.185438 0.081020 -0.088259 -0.060448 -0.187645 -0.533184 
0.148613 0.092439 -1.306643 -0.417213 -0.088259 -0.060448 -0.371380 -0.174957 
0.515797 0.380918 -0.215801 0.081020 -0.088259 -0.060448 0.179826 -0.533184 
0.240409 -0.099879 0.632632 0.365724 -0.088259 -0.060448 1.098503 -0.174957 
-1.320120 0.092439 -0.579415 -0.274861 -0.088259 -0.060448 0.547297 0.451942 
-0.034978 -0.676835 -0.579415 -0.559565 -0.088259 -0.060448 0.547297 -0.533184 
-0.218570 -0.869154 -0.579415 0.223372 -0.088259 -0.060448 -1.473792 -0.533184 
1.066571 0.765555 -0.094596 1.575716 -0.088259 -0.060448 -0.738851 -0.533184 
-1.411915 -1.734588 0.753837 0.863956 -0.088259 -0.060448 -0.003909 -0.264514 
-1.962690 -1.734588 -1.670257 -0.773093 -0.088259 -0.060448 0.547297 -0.264514 
-0.218570 0.188599 -0.943029 -0.701917 -0.088259 -0.060448 0.363561 0.004157 
-0.126774 1.246352 0.511428 0.223372 -0.088259 -0.060448 -0.187645 -0.533184 
0.607592 -0.388357 -1.549052 -0.274861 -0.088259 -0.060448 0.731032 0.183271 
-2.054486 -0.676835 -0.458210 -0.844269 -0.088259 -0.060448 1.098503 3.586436 
-0.402162 -0.676835 -1.670257 -0.559565 -0.088259 -0.060448 0.731032 0.272828 
-0.677549 -0.388357 -0.458210 -0.061333 -0.088259 -0.060448 0.731032 2.511752 
-0.126774 1.054033 -1.549052 -0.986621 -0.088259 -0.060448 -0.003909 -0.533184 
-1.687303 -0.869154 -0.579415 0.721604 -0.088259 -0.060448 0.179826 -0.533184 
-0.402162 1.150192 -1.306643 -0.986621 -0.088259 -0.060448 -0.187645 0.093714 
1.617346 1.342511 -3.003509 0.508076 -0.088259 -0.060448 0.914768 -0.533184 
-0.034978 1.246352 -2.276281 0.081020 -0.088259 -0.060448 -0.003909 0.183271 
0.974776 1.438671 0.147813 3.141589 -0.088259 -0.060448 -0.738851 -0.533184 
-1.595507 1.919467 -1.185438 -0.630741 -0.088259 -0.060448 0.179826 -0.533184 
0.699388 -1.253792 -1.791462 0.223372 -0.088259 -0.060448 0.179826 -0.533184 
-1.136528 -1.542270 -2.397485 -0.701917 -0.088259 -0.060448 1.098503 -0.533184 
1.800938 1.246352 -1.427848 -0.132509 -0.088259 -0.060448 0.179826 -0.533184 
-0.769345 0.765555 -2.033871 -0.559565 -0.088259 -0.060448 -0.187645 -0.533184 
0.332205 -0.965314 -1.064234 -0.346037 -0.088259 -0.060448 -0.738851 0.541499 
-1.411915 -0.292198 -1.427848 -0.844269 -0.088259 -0.060448 -0.922586 -0.533184 
0.607592 0.573236 0.632632 -0.559565 -0.088259 -0.060448 -0.738851 0.093714 
-1.779099 -0.003720 -1.791462 -0.701917 -0.088259 -0.060448 0.547297 -0.533184 
0.974776 -0.388357 -0.700619 0.436900 -0.088259 -0.060448 0.363561 0.810170 
0.424001 1.630989 -1.791462 0.009843 -0.088259 -0.060448 -1.106321 -0.533184 
1.525551 -0.388357 0.632632 -0.773093 -0.088259 -0.060448 1.098503 -0.533184 
0.056818 0.957874 -0.458210 -0.630741 -0.088259 -0.060448 0.547297 4.123778 
-0.861141 -1.061473 -1.791462 -0.844269 -0.088259 -0.060448 0.731032 -0.533184 
-0.677549 -0.772995 -0.821824 0.792780 -0.088259 -0.060448 0.547297 -0.264514 
-0.861141 0.765555 -1.549052 -0.701917 -0.088259 -0.060448 0.547297 -0.533184 
-0.034978 -0.772995 1.481065 -0.488389 -0.088259 -0.060448 0.363561 0.362385 
-1.320120 -0.965314 -0.458210 -0.844269 -0.088259 -0.060448 0.179826 1.705740 
-0.861141 1.823308 -2.155076 -0.630741 -0.088259 -0.060448 0.179826 -0.533184 
-0.769345 -1.446110 -2.155076 -0.203685 -0.088259 -0.060448 -0.555115 -0.533184 
0.240409 1.438671 -0.700619 -0.915445 -0.088259 -0.060448 -0.922586 0.362385 
-1.687303 -2.119226 -0.943029 -0.630741 -0.088259 -0.060448 0.914768 0.183271 
-0.861141 -0.388357 0.753837 -0.844269 -0.088259 -0.060448 0.547297 2.153524 
0.148613 0.669396 -1.912667 -0.203685 -0.088259 -0.060448 1.282238 -0.533184 
1.158367 1.919467 -2.518690 0.081020 -0.088259 -0.060448 0.914768 -0.533184 
0.332205 1.054033 -0.579415 -0.915445 -0.088259 -0.060448 -0.371380 -0.533184 
-0.034978 0.188599 1.117451 2.643357 -0.088259 -0.060448 -2.208734 -1.070526 
-1.228324 -2.311545 0.026609 -0.773093 -0.088259 -0.060448 0.731032 1.078841 
-1.136528 -1.830748 -0.579415 -0.844269 -0.088259 -0.060448 0.731032 3.407322 
-1.044732 -0.003720 1.238656 0.009843 -0.088259 -0.060448 -0.003909 -1.070526 
-0.585753 -2.215385 0.996246 1.291012 -0.088259 -0.060448 1.833444 3.675993 
0.882980 1.054033 -0.215801 4.280406 -0.088259 -0.060448 -0.555115 -0.533184 
-0.861141 -0.772995 -1.427848 -0.488389 -0.088259 -0.060448 -0.738851 3.049094 
-0.034978 -0.965314 0.875042 -0.488389 -0.088259 -0.060448 1.282238 -0.533184 
0.240409 1.246352 -0.821824 -0.417213 -0.088259 -0.060448 -0.187645 -0.533184 
-0.585753 -0.292198 -0.579415 -0.203685 -0.088259 -0.060448 -0.003909 3.765550 
-0.126774 1.342511 -0.579415 2.002773 -0.088259 -0.060448 0.179826 -0.085400 
0.424001 0.477077 0.875042 3.070413 -0.088259 -0.060448 -0.003909 -0.533184 
-0.585753 -0.099879 -0.094596 -0.844269 -0.088259 -0.060448 0.547297 0.810170 
-2.054486 -0.772995 0.147813 -0.773093 -0.088259 -0.060448 1.098503 0.004157 
0.974776 0.765555 -1.549052 0.935132 -0.088259 -0.060448 0.731032 2.601309 
-1.411915 -1.830748 -2.639895 -1.271325 -0.088259 -0.060448 0.363561 -0.533184 
-0.861141 -0.003720 0.753837 0.294548 -0.088259 -0.060448 -1.657528 -1.518311 
-0.769345 0.957874 -0.458210 -0.559565 -0.088259 -0.060448 -0.371380 -0.533184 
-0.861141 -0.099879 -0.458210 -0.559565 -0.088259 -0.060448 -1.106321 -0.174957 
1.066571 1.823308 0.390223 -0.488389 -0.088259 -0.060448 -0.371380 2.869980 
1.158367 1.246352 0.390223 -1.057797 -0.088259 -0.060448 -0.738851 -0.533184 
0.056818 1.246352 0.753837 -0.630741 -0.088259 -0.060448 -0.922586 -0.533184 
2.168121 0.188599 -0.094596 -0.559565 -0.088259 -0.060448 -0.738851 -0.533184 
1.250163 -0.003720 0.390223 -0.061333 -0.088259 -0.060448 -0.003909 -0.533184 
-0.861141 -0.772995 1.844679 0.650428 -0.088259 -0.060448 -1.290057 -1.518311 
1.617346 0.573236 0.390223 -0.915445 -0.088259 -0.060448 0.547297 -0.533184 
